Mie-lt-Version               version012          
Magic-Number                 904393840
Config-string                   904393840          10          30 T T   273.16000000000003        3.2000000000000001E-002   5.0000000000000004E-006   1.0000000000000000E-002 maxwellgarnett      ice                 spheroidal               8.547000E-01    1.564103E+00    1.587830E+00    2.564103E+00    1.000000E-12    1.000000E-06  250
itype_refl                   5
luse_tmatrix                 T
ldo_nonsphere                T
itype_Dref_fmelt             -99
flag_qi_scal_eq              1
f_eq                         1.00000
if_eq                        1.00000
nqi      31
nTa      11
nTm      1
nparams  8
qi0        -1.20000E+01
Ta0         1.93150E+02
Tm0         2.73150E+02
dqi         2.00000E-01
dTa         8.00100E+00
dTm         0.00000E+00
idqi        5.00000E+00
idTa        1.24984E-01
idTm        0.00000E+00

q_i        -1.20000E+01  -1.18000E+01  -1.16000E+01  -1.14000E+01  -1.12000E+01  -1.10000E+01  -1.08000E+01  -1.06000E+01  -1.04000E+01  -1.02000E+01  -1.00000E+01  -9.80000E+00  -9.60000E+00  -9.40000E+00  -9.20000E+00  -9.00000E+00  -8.80000E+00  -8.60000E+00  -8.40000E+00  -8.20000E+00  -8.00000E+00  -7.80000E+00  -7.60000E+00  -7.40000E+00  -7.20000E+00  -7.00000E+00  -6.80000E+00  -6.60000E+00  -6.40000E+00  -6.20000E+00  -6.00000E+00

q_i_lin     1.00000E-12   1.58489E-12   2.51189E-12   3.98107E-12   6.30957E-12   1.00000E-11   1.58489E-11   2.51189E-11   3.98107E-11   6.30957E-11   1.00000E-10   1.58489E-10   2.51189E-10   3.98107E-10   6.30957E-10   1.00000E-09   1.58489E-09   2.51189E-09   3.98107E-09   6.30957E-09   1.00000E-08   1.58489E-08   2.51189E-08   3.98107E-08   6.30957E-08   1.00000E-07   1.58489E-07   2.51189E-07   3.98107E-07   6.30957E-07   1.00000E-06

T_a         1.93150E+02   2.01151E+02   2.09152E+02   2.17153E+02   2.25154E+02   2.33155E+02   2.41156E+02   2.49157E+02   2.57158E+02   2.65159E+02   2.73160E+02

T_m         2.73150E+02

zh          9.62636E-12   2.36444E-11   5.43998E-11   1.26639E-10   3.09183E-10   7.80069E-10   1.97908E-09   4.98755E-09   1.24903E-08   3.11902E-08   7.78373E-08   1.94287E-07   4.85131E-07   1.21174E-06   3.02726E-06   7.56329E-06   1.88934E-05   4.71774E-05   1.17715E-04   2.93350E-04   7.29633E-04   1.80954E-03   4.46881E-03   1.09686E-02   2.66841E-02   6.40501E-02   1.50415E-01   3.40530E-01   7.28143E-01   1.43979E+00   2.59100E+00
            9.67625E-12   2.37675E-11   5.46855E-11   1.27312E-10   3.10846E-10   7.84308E-10   1.98991E-09   5.01501E-09   1.25594E-08   3.13635E-08   7.82717E-08   1.95376E-07   4.87859E-07   1.21858E-06   3.04439E-06   7.60622E-06   1.90009E-05   4.74465E-05   1.18388E-04   2.95031E-04   7.33823E-04   1.81995E-03   4.49458E-03   1.10320E-02   2.68386E-02   6.44216E-02   1.51289E-01   3.42513E-01   7.32390E-01   1.44820E+00   2.60615E+00
            9.72618E-12   2.38908E-11   5.49715E-11   1.27986E-10   3.12512E-10   7.88552E-10   2.00076E-09   5.04251E-09   1.26286E-08   3.15372E-08   7.87069E-08   1.96466E-07   4.90592E-07   1.22543E-06   3.06156E-06   7.64923E-06   1.91086E-05   4.77162E-05   1.19062E-04   2.96716E-04   7.38022E-04   1.83039E-03   4.52040E-03   1.10955E-02   2.69934E-02   6.47940E-02   1.52166E-01   3.44500E-01   7.36647E-01   1.45662E+00   2.62134E+00
            9.77616E-12   2.40141E-11   5.52578E-11   1.28661E-10   3.14179E-10   7.92802E-10   2.01162E-09   5.07005E-09   1.26980E-08   3.17111E-08   7.91429E-08   1.97559E-07   4.93330E-07   1.23229E-06   3.07876E-06   7.69232E-06   1.92166E-05   4.79864E-05   1.19738E-04   2.98404E-04   7.42230E-04   1.84085E-03   4.54628E-03   1.11592E-02   2.71485E-02   6.51671E-02   1.53044E-01   3.46492E-01   7.40913E-01   1.46507E+00   2.63656E+00
            9.82618E-12   2.41376E-11   5.55444E-11   1.29336E-10   3.15849E-10   7.97057E-10   2.02250E-09   5.09763E-09   1.27674E-08   3.18853E-08   7.95795E-08   1.98653E-07   4.96073E-07   1.23917E-06   3.09598E-06   7.73549E-06   1.93247E-05   4.82572E-05   1.20415E-04   3.00095E-04   7.46446E-04   1.85133E-03   4.57222E-03   1.12230E-02   2.73040E-02   6.55411E-02   1.53924E-01   3.48488E-01   7.45189E-01   1.47354E+00   2.65182E+00
            9.87625E-12   2.42612E-11   5.58313E-11   1.30013E-10   3.17521E-10   8.01318E-10   2.03340E-09   5.12525E-09   1.28369E-08   3.20598E-08   8.00169E-08   1.99749E-07   4.98821E-07   1.24605E-06   3.11325E-06   7.77874E-06   1.94331E-05   4.85284E-05   1.21094E-04   3.01790E-04   7.50672E-04   1.86183E-03   4.59820E-03   1.12869E-02   2.74598E-02   6.59159E-02   1.54806E-01   3.50489E-01   7.49475E-01   1.48203E+00   2.66711E+00
            9.92636E-12   2.43849E-11   5.61184E-11   1.30689E-10   3.19195E-10   8.05585E-10   2.04430E-09   5.15292E-09   1.29066E-08   3.22346E-08   8.04550E-08   2.00848E-07   5.01573E-07   1.25295E-06   3.13054E-06   7.82208E-06   1.95416E-05   4.88003E-05   1.21774E-04   3.03489E-04   7.54905E-04   1.87235E-03   4.62425E-03   1.13509E-02   2.76160E-02   6.62916E-02   1.55690E-01   3.52494E-01   7.53770E-01   1.49053E+00   2.68243E+00
            9.97651E-12   2.45087E-11   5.64059E-11   1.31367E-10   3.20870E-10   8.09857E-10   2.05523E-09   5.18062E-09   1.29763E-08   3.24096E-08   8.08939E-08   2.01948E-07   5.04330E-07   1.25986E-06   3.14786E-06   7.86550E-06   1.96504E-05   4.90726E-05   1.22455E-04   3.05191E-04   7.59148E-04   1.88289E-03   4.65034E-03   1.14151E-02   2.77725E-02   6.66680E-02   1.56576E-01   3.54504E-01   7.58075E-01   1.49906E+00   2.69779E+00
            1.00267E-11   2.46326E-11   5.66936E-11   1.32045E-10   3.22548E-10   8.14134E-10   2.06617E-09   5.20836E-09   1.30462E-08   3.25849E-08   8.13334E-08   2.03049E-07   5.07092E-07   1.26679E-06   3.16522E-06   7.90900E-06   1.97594E-05   4.93455E-05   1.23138E-04   3.06896E-04   7.63399E-04   1.89346E-03   4.67650E-03   1.14795E-02   2.79293E-02   6.70453E-02   1.57464E-01   3.56518E-01   7.62390E-01   1.50760E+00   2.71319E+00
            1.00769E-11   2.47566E-11   5.69815E-11   1.32724E-10   3.24228E-10   8.18417E-10   2.07712E-09   5.23614E-09   1.31162E-08   3.27605E-08   8.17737E-08   2.04153E-07   5.09859E-07   1.27373E-06   3.18261E-06   7.95258E-06   1.98686E-05   4.96189E-05   1.23822E-04   3.08604E-04   7.67659E-04   1.90405E-03   4.70270E-03   1.15439E-02   2.80865E-02   6.74233E-02   1.58353E-01   3.58537E-01   7.66714E-01   1.51617E+00   2.72861E+00
            1.01272E-11   2.48806E-11   5.72694E-11   1.33403E-10   3.25907E-10   8.22701E-10   2.08807E-09   5.26393E-09   1.31861E-08   3.29362E-08   8.22141E-08   2.05257E-07   5.12627E-07   1.28067E-06   3.20001E-06   7.99619E-06   1.99778E-05   4.98925E-05   1.24506E-04   3.10314E-04   7.71922E-04   1.91465E-03   4.72893E-03   1.16084E-02   2.82438E-02   6.78018E-02   1.59244E-01   3.60557E-01   7.71042E-01   1.52474E+00   2.74406E+00

dzh         2.00489E+01   2.75923E+01   3.89571E+01   5.99434E+01   9.72617E+01   1.57839E+02   2.51708E+02   3.96926E+02   6.24096E+02   9.81758E+02   1.54580E+03   2.43541E+03   3.83845E+03   6.05108E+03   9.53969E+03   1.50376E+04   2.36948E+04   3.73088E+04   5.86740E+04   9.21012E+04   1.44165E+05   2.24728E+05   3.48212E+05   5.34886E+05   8.11175E+05   1.20521E+06   1.72794E+06   2.33219E+06   2.87595E+06   3.15480E+06   3.02180E+06
            2.01532E+01   2.77370E+01   3.91644E+01   6.02666E+01   9.77915E+01   1.58704E+02   2.53096E+02   3.99124E+02   6.27567E+02   9.87241E+02   1.55446E+03   2.44911E+03   3.86012E+03   6.08534E+03   9.59385E+03   1.51232E+04   2.38300E+04   3.75222E+04   5.90104E+04   9.26303E+04   1.44995E+05   2.26024E+05   3.50224E+05   5.37983E+05   8.15881E+05   1.21222E+06   1.73800E+06   2.34580E+06   2.89276E+06   3.17327E+06   3.03950E+06
            2.02575E+01   2.78820E+01   3.93719E+01   6.05903E+01   9.83219E+01   1.59571E+02   2.54485E+02   4.01325E+02   6.31044E+02   9.92734E+02   1.56314E+03   2.46283E+03   3.88182E+03   6.11966E+03   9.64812E+03   1.52089E+04   2.39655E+04   3.77361E+04   5.93474E+04   9.31604E+04   1.45827E+05   2.27323E+05   3.52240E+05   5.41087E+05   8.20598E+05   1.21924E+06   1.74809E+06   2.35944E+06   2.90961E+06   3.19177E+06   3.05725E+06
            2.03620E+01   2.80270E+01   3.95796E+01   6.09144E+01   9.88531E+01   1.60439E+02   2.55876E+02   4.03530E+02   6.34527E+02   9.98235E+02   1.57184E+03   2.47659E+03   3.90357E+03   6.15405E+03   9.70249E+03   1.52949E+04   2.41013E+04   3.79503E+04   5.96851E+04   9.36917E+04   1.46660E+05   2.28625E+05   3.54261E+05   5.44198E+05   8.25326E+05   1.22628E+06   1.75821E+06   2.37312E+06   2.92650E+06   3.21032E+06   3.07503E+06
            2.04665E+01   2.81723E+01   3.97875E+01   6.12389E+01   9.93849E+01   1.61308E+02   2.57270E+02   4.05738E+02   6.38015E+02   1.00375E+03   1.58055E+03   2.49036E+03   3.92535E+03   6.18850E+03   9.75696E+03   1.53810E+04   2.42373E+04   3.81650E+04   6.00236E+04   9.42241E+04   1.47495E+05   2.29929E+05   3.56287E+05   5.47315E+05   8.30063E+05   1.23333E+06   1.76834E+06   2.38682E+06   2.94343E+06   3.22892E+06   3.09286E+06
            2.05712E+01   2.83176E+01   3.99957E+01   6.15638E+01   9.99175E+01   1.62178E+02   2.58665E+02   4.07950E+02   6.41509E+02   1.00927E+03   1.58928E+03   2.50416E+03   3.94718E+03   6.22302E+03   9.81154E+03   1.54673E+04   2.43736E+04   3.83802E+04   6.03627E+04   9.47576E+04   1.48332E+05   2.31237E+05   3.58316E+05   5.50439E+05   8.34812E+05   1.24040E+06   1.77850E+06   2.40056E+06   2.96039E+06   3.24755E+06   3.11072E+06
            2.06759E+01   2.84631E+01   4.02041E+01   6.18891E+01   1.00451E+02   1.63050E+02   2.60063E+02   4.10165E+02   6.45008E+02   1.01480E+03   1.59802E+03   2.51799E+03   3.96904E+03   6.25760E+03   9.86623E+03   1.55537E+04   2.45101E+04   3.85957E+04   6.07025E+04   9.52922E+04   1.49171E+05   2.32547E+05   3.60351E+05   5.53570E+05   8.39570E+05   1.24749E+06   1.78868E+06   2.41432E+06   2.97740E+06   3.26623E+06   3.12863E+06
            2.07807E+01   2.86088E+01   4.04127E+01   6.22147E+01   1.00985E+02   1.63922E+02   2.61463E+02   4.12384E+02   6.48513E+02   1.02033E+03   1.60678E+03   2.53184E+03   3.99095E+03   6.29224E+03   9.92101E+03   1.56403E+04   2.46470E+04   3.88117E+04   6.10430E+04   9.58278E+04   1.50011E+05   2.33859E+05   3.62389E+05   5.56708E+05   8.44339E+05   1.25459E+06   1.79888E+06   2.42812E+06   2.99444E+06   3.28495E+06   3.14658E+06
            2.08856E+01   2.87545E+01   4.06216E+01   6.25408E+01   1.01519E+02   1.64796E+02   2.62864E+02   4.14605E+02   6.52024E+02   1.02588E+03   1.61555E+03   2.54571E+03   4.01289E+03   6.32695E+03   9.97590E+03   1.57271E+04   2.47841E+04   3.90281E+04   6.13841E+04   9.63646E+04   1.50853E+05   2.35175E+05   3.64432E+05   5.59853E+05   8.49118E+05   1.26171E+06   1.80910E+06   2.44195E+06   3.01152E+06   3.30371E+06   3.16457E+06
            2.09906E+01   2.89005E+01   4.08306E+01   6.28673E+01   1.02055E+02   1.65671E+02   2.64268E+02   4.16831E+02   6.55540E+02   1.03144E+03   1.62433E+03   2.55961E+03   4.03488E+03   6.36173E+03   1.00309E+04   1.58140E+04   2.49214E+04   3.92450E+04   6.17260E+04   9.69025E+04   1.51697E+05   2.36493E+05   3.66478E+05   5.63004E+05   8.53907E+05   1.26884E+06   1.81935E+06   2.45580E+06   3.02864E+06   3.32251E+06   3.18260E+06
            2.10956E+01   2.90463E+01   4.10396E+01   6.31937E+01   1.02590E+02   1.66547E+02   2.65672E+02   4.19056E+02   6.59057E+02   1.03700E+03   1.63313E+03   2.57351E+03   4.05687E+03   6.39652E+03   1.00859E+04   1.59010E+04   2.50589E+04   3.94620E+04   6.20681E+04   9.74408E+04   1.52541E+05   2.37812E+05   3.68527E+05   5.66158E+05   8.58701E+05   1.27598E+06   1.82961E+06   2.46968E+06   3.04577E+06   3.34133E+06   3.20065E+06

ah          2.14669E-17   4.72318E-17   9.03404E-17   1.54881E-16   2.47791E-16   3.84952E-16   5.97691E-16   9.38503E-16   1.48856E-15   2.37224E-15   3.78411E-15   6.03423E-15   9.62209E-15   1.53588E-14   2.45755E-14   3.94934E-14   6.39080E-14   1.04520E-13   1.73657E-13   2.95110E-13   5.17166E-13   9.42604E-13   1.79916E-12   3.60697E-12   7.57657E-12   1.65332E-11   3.68888E-11   8.20566E-11   1.76127E-10   3.53292E-10   6.47027E-10
            2.32128E-17   5.10740E-17   9.76906E-17   1.67486E-16   2.67966E-16   4.16312E-16   6.46413E-16   1.01505E-15   1.61003E-15   2.56583E-15   4.09276E-15   6.52580E-15   1.04040E-14   1.66016E-14   2.65502E-14   4.26310E-14   6.88949E-14   1.12452E-13   1.86290E-13   3.15270E-13   5.49441E-13   9.94529E-13   1.88333E-12   3.74493E-12   7.80634E-12   1.69242E-11   3.75716E-11   8.32756E-11   1.78316E-10   3.57137E-10   6.53440E-10
            2.51430E-17   5.53217E-17   1.05817E-16   1.81421E-16   2.90271E-16   4.50985E-16   7.00286E-16   1.09970E-15   1.74435E-15   2.77991E-15   4.43410E-15   7.06945E-15   1.12689E-14   1.79762E-14   2.87341E-14   4.61007E-14   7.44092E-14   1.21222E-13   2.00251E-13   3.37539E-13   5.85065E-13   1.05177E-12   1.97594E-12   3.89630E-12   8.05744E-12   1.73492E-11   3.83084E-11   8.45804E-11   1.80640E-10   3.61190E-10   6.60162E-10
            2.73263E-17   6.01265E-17   1.15009E-16   1.97184E-16   3.15501E-16   4.90207E-16   7.61229E-16   1.19546E-15   1.89630E-15   3.02210E-15   4.82029E-15   7.68452E-15   1.22473E-14   1.95313E-14   3.12048E-14   5.00258E-14   8.06464E-14   1.31138E-13   2.16035E-13   3.62700E-13   6.25278E-13   1.11630E-12   2.08012E-12   4.06604E-12   8.33773E-12   1.78206E-11   3.91190E-11   8.60022E-11   1.83149E-10   3.65526E-10   6.67304E-10
            2.98588E-17   6.56999E-17   1.25671E-16   2.15469E-16   3.44769E-16   5.35704E-16   8.31924E-16   1.30655E-15   2.07259E-15   3.30307E-15   5.26829E-15   8.39806E-15   1.33823E-14   2.13353E-14   3.40708E-14   5.45784E-14   8.78797E-14   1.42636E-13   2.34327E-13   3.91843E-13   6.71812E-13   1.19086E-12   2.20023E-12   4.26109E-12   8.65821E-12   1.83559E-11   4.00310E-11   8.75850E-11   1.85909E-10   3.70251E-10   6.75021E-10
            3.28779E-17   7.23441E-17   1.38382E-16   2.37268E-16   3.79660E-16   5.89944E-16   9.16203E-16   1.43898E-15   2.28274E-15   3.63803E-15   5.80238E-15   9.24870E-15   1.47354E-14   2.34858E-14   3.74870E-14   6.00047E-14   9.64997E-14   1.56335E-13   2.56113E-13   4.26530E-13   7.27145E-13   1.27939E-12   2.34251E-12   4.49133E-12   9.03459E-12   1.89799E-11   4.10842E-11   8.93913E-11   1.89021E-10   3.75515E-10   6.83535E-10
            3.65841E-17   8.05005E-17   1.53986E-16   2.64027E-16   4.22492E-16   6.56529E-16   1.01966E-15   1.60155E-15   2.54072E-15   4.04921E-15   6.45801E-15   1.02929E-14   1.63964E-14   2.61254E-14   4.16801E-14   6.66642E-14   1.07077E-13   1.73140E-13   2.82828E-13   4.69042E-13   7.94896E-13   1.38763E-12   2.51607E-12   4.77124E-12   9.48984E-12   1.97293E-11   4.23363E-11   9.15128E-11   1.92628E-10   3.81538E-10   6.93171E-10
            4.12767E-17   9.08274E-17   1.73742E-16   2.97907E-16   4.76721E-16   7.40831E-16   1.15065E-15   1.80738E-15   2.86734E-15   4.56980E-15   7.28806E-15   1.16149E-14   1.84991E-14   2.94671E-14   4.69879E-14   7.50933E-14   1.20463E-13   1.94404E-13   3.16619E-13   5.22781E-13   8.80465E-13   1.52414E-12   2.73453E-12   5.12242E-12   1.00583E-11   2.06584E-11   4.38738E-11   9.40859E-11   1.96942E-10   3.88648E-10   7.04412E-10
            4.74082E-17   1.04321E-16   1.99557E-16   3.42177E-16   5.47580E-16   8.50984E-16   1.32181E-15   2.07632E-15   3.29411E-15   5.24999E-15   8.37260E-15   1.33421E-14   2.12464E-14   3.38329E-14   5.39222E-14   8.61045E-14   1.37948E-13   2.22171E-13   3.60732E-13   5.92901E-13   9.92031E-13   1.70192E-12   3.01847E-12   5.57755E-12   1.07917E-11   2.18496E-11   4.58273E-11   9.73177E-11   2.02290E-10   3.97342E-10   7.17993E-10
            5.56691E-17   1.22501E-16   2.34336E-16   4.01821E-16   6.43047E-16   9.99390E-16   1.55240E-15   2.43865E-15   3.86909E-15   6.16640E-15   9.83376E-15   1.56691E-14   2.49477E-14   3.97146E-14   6.32636E-14   1.00937E-13   1.61498E-13   2.59566E-13   4.20122E-13   6.87266E-13   1.14207E-12   1.94076E-12   3.39933E-12   6.18654E-12   1.17695E-11   2.34287E-11   4.83966E-11   1.01524E-10   2.09165E-10   4.08379E-10   7.35032E-10
            6.70953E-17   1.47647E-16   2.82442E-16   4.84318E-16   7.75095E-16   1.20466E-15   1.87136E-15   2.93984E-15   4.66440E-15   7.43399E-15   1.18549E-14   1.88879E-14   3.00673E-14   4.78500E-14   7.61843E-14   1.21452E-13   1.94067E-13   3.11274E-13   5.02229E-13   8.17683E-13   1.34933E-12   2.27041E-12   3.92432E-12   7.02431E-12   1.31104E-11   2.55844E-11   5.18810E-11   1.07178E-10   2.18309E-10   4.22894E-10   7.57206E-10

dah         4.02238E-05   4.62639E-05   4.58828E-05   4.20285E-05   3.83052E-05   3.65139E-05   3.64398E-05   3.70827E-05   3.77149E-05   3.81190E-05   3.83614E-05   3.85675E-05   3.88381E-05   3.92545E-05   3.99090E-05   4.09357E-05   4.25455E-05   4.50714E-05   4.90386E-05   5.52707E-05   6.50549E-05   8.03892E-05   1.04350E-04   1.41609E-04   1.99009E-04   2.85346E-04   4.07382E-04   5.58529E-04   7.05854E-04   7.94586E-04   7.79400E-04
            4.34962E-05   5.00282E-05   4.96172E-05   4.54511E-05   4.14273E-05   3.94928E-05   3.94147E-05   4.01109E-05   4.07941E-05   4.12285E-05   4.14850E-05   4.16976E-05   4.19726E-05   4.23941E-05   4.30553E-05   4.40911E-05   4.57136E-05   4.82576E-05   5.22512E-05   5.85231E-05   6.83677E-05   8.37951E-05   1.07900E-04   1.45381E-04   2.03121E-04   2.89968E-04   4.12715E-04   5.64709E-04   7.12774E-04   8.01757E-04   7.86050E-04
            4.71142E-05   5.41899E-05   5.37459E-05   4.92354E-05   4.48794E-05   4.27868E-05   4.27045E-05   4.34598E-05   4.41995E-05   4.46675E-05   4.49396E-05   4.51594E-05   4.54394E-05   4.58663E-05   4.65346E-05   4.75800E-05   4.92156E-05   5.17781E-05   5.57987E-05   6.21109E-05   7.20168E-05   8.75380E-05   1.11787E-04   1.49491E-04   2.07573E-04   2.94932E-04   4.18390E-04   5.71230E-04   7.20022E-04   8.09227E-04   7.92948E-04
            5.12066E-05   5.88974E-05   5.84162E-05   5.35160E-05   4.87846E-05   4.65132E-05   4.64262E-05   4.72486E-05   4.80523E-05   4.85584E-05   4.88482E-05   4.90760E-05   4.93615E-05   4.97944E-05   5.04704E-05   5.15260E-05   5.31753E-05   5.57570E-05   5.98053E-05   6.61585E-05   7.61263E-05   9.17422E-05   1.16137E-04   1.54066E-04   2.12491E-04   3.00363E-04   4.24535E-04   5.78215E-04   7.27716E-04   8.17101E-04   8.00182E-04
            5.59537E-05   6.43580E-05   6.38336E-05   5.84815E-05   5.33146E-05   5.08360E-05   5.07438E-05   5.16440E-05   5.25219E-05   5.30722E-05   5.33825E-05   5.36197E-05   5.39113E-05   5.43508E-05   5.50351E-05   5.61017E-05   5.77655E-05   6.03672E-05   6.44441E-05   7.08392E-05   8.08700E-05   9.65818E-05   1.21124E-04   1.59279E-04   2.18050E-04   3.06437E-04   4.31323E-04   5.85837E-04   7.36022E-04   8.25529E-04   8.07875E-04
            6.16129E-05   7.08677E-05   7.02918E-05   6.44011E-05   5.87151E-05   5.59894E-05   5.58909E-05   5.68839E-05   5.78504E-05   5.84533E-05   5.87881E-05   5.90361E-05   5.93349E-05   5.97819E-05   6.04755E-05   6.15540E-05   6.32335E-05   6.58564E-05   6.99629E-05   7.64012E-05   8.64963E-05   1.02305E-04   1.26997E-04   1.65379E-04   2.24499E-04   3.13405E-04   4.39004E-04   5.94343E-04   7.45175E-04   8.34723E-04   8.16203E-04
            6.85601E-05   7.88591E-05   7.82200E-05   7.16679E-05   6.53446E-05   6.23157E-05   6.22095E-05   6.33164E-05   6.43916E-05   6.50590E-05   6.54235E-05   6.56848E-05   6.59919E-05   6.64476E-05   6.71519E-05   6.82437E-05   6.99403E-05   7.25859E-05   7.67237E-05   8.32069E-05   9.33681E-05   1.09277E-04   1.34119E-04   1.72733E-04   2.32204E-04   3.21631E-04   4.47944E-04   6.04093E-04   7.55520E-04   8.44995E-04   8.25423E-04
            7.73560E-05   8.89770E-05   8.82578E-05   8.08685E-05   7.37383E-05   7.03253E-05   7.02093E-05   7.14602E-05   7.26729E-05   7.34219E-05   7.38240E-05   7.41018E-05   7.44191E-05   7.48851E-05   7.56018E-05   7.67091E-05   7.84249E-05   8.10953E-05   8.52668E-05   9.17972E-05   1.02027E-04   1.18038E-04   1.43034E-04   1.81883E-04   2.41710E-04   3.31662E-04   4.58689E-04   6.15625E-04   7.67571E-04   8.56807E-04   8.35919E-04
            8.88491E-05   1.02198E-04   1.01374E-04   9.28904E-05   8.47057E-05   8.07908E-05   8.06619E-05   8.21010E-05   8.34932E-05   8.43487E-05   8.47996E-05   8.50986E-05   8.54289E-05   8.59076E-05   8.66395E-05   8.77651E-05   8.95032E-05   9.22018E-05   9.64101E-05   1.02991E-04   1.13293E-04   1.29411E-04   1.54566E-04   1.93654E-04   2.53842E-04   3.44326E-04   4.72064E-04   6.29753E-04   7.82108E-04   8.70864E-04   8.48270E-04
            1.04334E-04   1.20009E-04   1.19045E-04   1.09087E-04   9.94819E-05   9.48908E-05   9.47445E-05   9.64371E-05   9.80711E-05   9.90699E-05   9.95865E-05   9.99138E-05   1.00261E-04   1.00756E-04   1.01507E-04   1.02655E-04   1.04420E-04   1.07152E-04   1.11402E-04   1.18039E-04   1.28419E-04   1.44648E-04   1.69969E-04   2.09304E-04   2.69862E-04   3.60885E-04   4.89329E-04   6.47723E-04   8.00319E-04   8.88237E-04   8.63363E-04
            1.25751E-04   1.44646E-04   1.43487E-04   1.31490E-04   1.19920E-04   1.14394E-04   1.14224E-04   1.16267E-04   1.18236E-04   1.19433E-04   1.20040E-04   1.20406E-04   1.20776E-04   1.21293E-04   1.22070E-04   1.23247E-04   1.25046E-04   1.27817E-04   1.32117E-04   1.38817E-04   1.49282E-04   1.65632E-04   1.91127E-04   2.30720E-04   2.91661E-04   3.83232E-04   5.12376E-04   6.71396E-04   8.23986E-04   9.10531E-04   8.82523E-04

zv          3.11299E-12   7.55518E-12   1.71025E-11   3.93618E-11   9.66150E-11   2.50017E-10   6.60762E-10   1.75190E-09   4.63905E-09   1.22649E-08   3.23723E-08   8.52769E-08   2.24149E-07   5.87805E-07   1.53774E-06   4.01283E-06   1.04444E-05   2.71084E-05   7.01437E-05   1.80866E-04   4.64449E-04   1.18669E-03   3.01293E-03   7.58711E-03   1.88971E-02   4.63369E-02   1.10888E-01   2.55078E-01   5.52445E-01   1.10310E+00   1.99951E+00
            3.12246E-12   7.57816E-12   1.71546E-11   3.94828E-11   9.69167E-11   2.50816E-10   6.62928E-10   1.75781E-09   4.65516E-09   1.23088E-08   3.24915E-08   8.55997E-08   2.25020E-07   5.90148E-07   1.54402E-06   4.02959E-06   1.04890E-05   2.72265E-05   7.04553E-05   1.81684E-04   4.66587E-04   1.19224E-03   3.02724E-03   7.62367E-03   1.89894E-02   4.65660E-02   1.11442E-01   2.56366E-01   5.55255E-01   1.10874E+00   2.00979E+00
            3.13191E-12   7.60110E-12   1.72067E-11   3.96035E-11   9.72178E-11   2.51613E-10   6.65090E-10   1.76371E-09   4.67125E-09   1.23527E-08   3.26106E-08   8.59222E-08   2.25891E-07   5.92490E-07   1.55030E-06   4.04635E-06   1.05336E-05   2.73446E-05   7.07669E-05   1.82503E-04   4.68726E-04   1.19780E-03   3.04156E-03   7.66025E-03   1.90817E-02   4.67953E-02   1.11997E-01   2.57654E-01   5.58068E-01   1.11439E+00   2.02008E+00
            3.14135E-12   7.62398E-12   1.72586E-11   3.97240E-11   9.75184E-11   2.52408E-10   6.67249E-10   1.76960E-09   4.68733E-09   1.23964E-08   3.27296E-08   8.62445E-08   2.26761E-07   5.94830E-07   1.55657E-06   4.06310E-06   1.05781E-05   2.74627E-05   7.10786E-05   1.83322E-04   4.70865E-04   1.20336E-03   3.05589E-03   7.69687E-03   1.91741E-02   4.70248E-02   1.12553E-01   2.58945E-01   5.60885E-01   1.12005E+00   2.03039E+00
            3.15076E-12   7.64682E-12   1.73104E-11   3.98442E-11   9.78184E-11   2.53202E-10   6.69404E-10   1.77548E-09   4.70338E-09   1.24402E-08   3.28484E-08   8.65664E-08   2.27630E-07   5.97169E-07   1.56284E-06   4.07985E-06   1.06227E-05   2.75808E-05   7.13904E-05   1.84141E-04   4.73006E-04   1.20892E-03   3.07023E-03   7.73351E-03   1.92667E-02   4.72545E-02   1.13109E-01   2.60236E-01   5.63704E-01   1.12572E+00   2.04070E+00
            3.16015E-12   7.66961E-12   1.73621E-11   3.99642E-11   9.81178E-11   2.53995E-10   6.71555E-10   1.78136E-09   4.71941E-09   1.24838E-08   3.29671E-08   8.68881E-08   2.28499E-07   5.99507E-07   1.56911E-06   4.09660E-06   1.06673E-05   2.76990E-05   7.17022E-05   1.84960E-04   4.75147E-04   1.21448E-03   3.08458E-03   7.77017E-03   1.93592E-02   4.74844E-02   1.13665E-01   2.61529E-01   5.66527E-01   1.13139E+00   2.05103E+00
            3.16953E-12   7.69236E-12   1.74137E-11   4.00839E-11   9.84167E-11   2.54786E-10   6.73703E-10   1.78722E-09   4.73541E-09   1.25275E-08   3.30857E-08   8.72095E-08   2.29367E-07   6.01844E-07   1.57537E-06   4.11334E-06   1.07118E-05   2.78171E-05   7.20140E-05   1.85779E-04   4.77289E-04   1.22005E-03   3.09894E-03   7.80687E-03   1.94519E-02   4.77146E-02   1.14222E-01   2.62823E-01   5.69353E-01   1.13707E+00   2.06138E+00
            3.17888E-12   7.71505E-12   1.74652E-11   4.02034E-11   9.87150E-11   2.55576E-10   6.75848E-10   1.79308E-09   4.75140E-09   1.25710E-08   3.32042E-08   8.75306E-08   2.30235E-07   6.04179E-07   1.58164E-06   4.13007E-06   1.07564E-05   2.79352E-05   7.23259E-05   1.86599E-04   4.79432E-04   1.22562E-03   3.11330E-03   7.84359E-03   1.95447E-02   4.79449E-02   1.14780E-01   2.64119E-01   5.72183E-01   1.14275E+00   2.07173E+00
            3.18821E-12   7.73770E-12   1.75166E-11   4.03227E-11   9.90127E-11   2.56365E-10   6.77989E-10   1.79892E-09   4.76736E-09   1.26146E-08   3.33225E-08   8.78515E-08   2.31101E-07   6.06512E-07   1.58790E-06   4.14680E-06   1.08009E-05   2.80533E-05   7.26378E-05   1.87419E-04   4.81576E-04   1.23119E-03   3.12768E-03   7.88034E-03   1.96375E-02   4.81755E-02   1.15338E-01   2.65416E-01   5.75015E-01   1.14845E+00   2.08210E+00
            3.19753E-12   7.76030E-12   1.75678E-11   4.04417E-11   9.93098E-11   2.57152E-10   6.80126E-10   1.80476E-09   4.78331E-09   1.26580E-08   3.34407E-08   8.81720E-08   2.31968E-07   6.08845E-07   1.59416E-06   4.16353E-06   1.08455E-05   2.81714E-05   7.29498E-05   1.88239E-04   4.83721E-04   1.23676E-03   3.14206E-03   7.91711E-03   1.97304E-02   4.84062E-02   1.15897E-01   2.66715E-01   5.77851E-01   1.15414E+00   2.09248E+00
            3.20681E-12   7.78282E-12   1.76189E-11   4.05604E-11   9.96060E-11   2.57936E-10   6.82257E-10   1.81058E-09   4.79921E-09   1.27014E-08   3.35587E-08   8.84919E-08   2.32832E-07   6.11173E-07   1.60040E-06   4.18023E-06   1.08899E-05   2.82894E-05   7.32614E-05   1.89058E-04   4.85864E-04   1.24233E-03   3.15644E-03   7.95386E-03   1.98232E-02   4.86369E-02   1.16455E-01   2.68013E-01   5.80686E-01   1.15984E+00   2.10286E+00

dzv         6.42271E+00   8.66260E+00   1.20109E+01   1.85338E+01   3.09158E+01   5.24388E+01   8.82651E+01   1.47602E+02   2.46208E+02   4.10049E+02   6.81606E+02   1.13045E+03   1.87041E+03   3.08721E+03   5.08288E+03   8.34691E+03   1.36690E+04   2.23167E+04   3.63101E+04   5.88397E+04   9.48797E+04   1.52048E+05   2.41711E+05   3.80158E+05   5.89065E+05   8.92188E+05   1.30039E+06   1.77867E+06   2.21581E+06   2.44897E+06   2.35870E+06
            6.44224E+00   8.68896E+00   1.20477E+01   1.85915E+01   3.10144E+01   5.26105E+01   8.85626E+01   1.48114E+02   2.47089E+02   4.11560E+02   6.84188E+02   1.13485E+03   1.87787E+03   3.09982E+03   5.10414E+03   8.38258E+03   1.37286E+04   2.24160E+04   3.64746E+04   5.91109E+04   9.53242E+04   1.52771E+05   2.42877E+05   3.82017E+05   5.91982E+05   8.96657E+05   1.30697E+06   1.78774E+06   2.22719E+06   2.46160E+06   2.37091E+06
            6.46172E+00   8.71527E+00   1.20845E+01   1.86492E+01   3.11128E+01   5.27819E+01   8.88596E+01   1.48626E+02   2.47970E+02   4.13070E+02   6.86769E+02   1.13925E+03   1.88533E+03   3.11244E+03   5.12539E+03   8.41825E+03   1.37883E+04   2.25153E+04   3.66392E+04   5.93822E+04   9.57689E+04   1.53495E+05   2.44045E+05   3.83878E+05   5.94902E+05   9.01130E+05   1.31356E+06   1.79683E+06   2.23858E+06   2.47426E+06   2.38314E+06
            6.48117E+00   8.74152E+00   1.21212E+01   1.87067E+01   3.12110E+01   5.29530E+01   8.91562E+01   1.49138E+02   2.48849E+02   4.14578E+02   6.89347E+02   1.14364E+03   1.89279E+03   3.12505E+03   5.14664E+03   8.45392E+03   1.38479E+04   2.26146E+04   3.68038E+04   5.96537E+04   9.62139E+04   1.54220E+05   2.45213E+05   3.85741E+05   5.97825E+05   9.05609E+05   1.32015E+06   1.80592E+06   2.24998E+06   2.48692E+06   2.39539E+06
            6.50058E+00   8.76772E+00   1.21577E+01   1.87642E+01   3.13091E+01   5.31238E+01   8.94524E+01   1.49649E+02   2.49727E+02   4.16085E+02   6.91923E+02   1.14803E+03   1.90024E+03   3.13765E+03   5.16788E+03   8.48958E+03   1.39076E+04   2.27139E+04   3.69684E+04   5.99252E+04   9.66591E+04   1.54944E+05   2.46382E+05   3.87605E+05   6.00751E+05   9.10091E+05   1.32675E+06   1.81503E+06   2.26140E+06   2.49960E+06   2.40765E+06
            6.51994E+00   8.79387E+00   1.21943E+01   1.88215E+01   3.14069E+01   5.32944E+01   8.97481E+01   1.50159E+02   2.50605E+02   4.17590E+02   6.94497E+02   1.15241E+03   1.90769E+03   3.15025E+03   5.18912E+03   8.52524E+03   1.39672E+04   2.28132E+04   3.71331E+04   6.01969E+04   9.71046E+04   1.55669E+05   2.47552E+05   3.89471E+05   6.03679E+05   9.14579E+05   1.33336E+06   1.82414E+06   2.27283E+06   2.51230E+06   2.41992E+06
            6.53927E+00   8.81995E+00   1.22307E+01   1.88787E+01   3.15046E+01   5.34647E+01   9.00433E+01   1.50668E+02   2.51481E+02   4.19093E+02   6.97069E+02   1.15680E+03   1.91513E+03   3.16285E+03   5.21035E+03   8.56089E+03   1.40268E+04   2.29126E+04   3.72979E+04   6.04687E+04   9.75503E+04   1.56395E+05   2.48723E+05   3.91338E+05   6.06610E+05   9.19071E+05   1.33998E+06   1.83327E+06   2.28428E+06   2.52502E+06   2.43221E+06
            6.55855E+00   8.84599E+00   1.22671E+01   1.89358E+01   3.16022E+01   5.36347E+01   9.03381E+01   1.51176E+02   2.52356E+02   4.20595E+02   6.99638E+02   1.16118E+03   1.92257E+03   3.17544E+03   5.23158E+03   8.59654E+03   1.40865E+04   2.30119E+04   3.74627E+04   6.07405E+04   9.79962E+04   1.57121E+05   2.49895E+05   3.93207E+05   6.09544E+05   9.23567E+05   1.34660E+06   1.84241E+06   2.29574E+06   2.53775E+06   2.44452E+06
            6.57780E+00   8.87197E+00   1.23034E+01   1.89928E+01   3.16995E+01   5.38044E+01   9.06325E+01   1.51684E+02   2.53230E+02   4.22095E+02   7.02205E+02   1.16555E+03   1.93001E+03   3.18802E+03   5.25280E+03   8.63219E+03   1.41461E+04   2.31113E+04   3.76275E+04   6.10125E+04   9.84424E+04   1.57848E+05   2.51067E+05   3.95077E+05   6.12480E+05   9.28068E+05   1.35323E+06   1.85155E+06   2.30721E+06   2.55049E+06   2.45684E+06
            6.59700E+00   8.89789E+00   1.23396E+01   1.90496E+01   3.17967E+01   5.39738E+01   9.09264E+01   1.52192E+02   2.54103E+02   4.23594E+02   7.04770E+02   1.16993E+03   1.93744E+03   3.20060E+03   5.27401E+03   8.66783E+03   1.42058E+04   2.32107E+04   3.77924E+04   6.12846E+04   9.88887E+04   1.58575E+05   2.52240E+05   3.96949E+05   6.15419E+05   9.32574E+05   1.35987E+06   1.86071E+06   2.31870E+06   2.56325E+06   2.46918E+06
            6.61614E+00   8.92374E+00   1.23757E+01   1.91063E+01   3.18936E+01   5.41428E+01   9.12195E+01   1.52698E+02   2.54974E+02   4.25090E+02   7.07330E+02   1.17429E+03   1.94486E+03   3.21316E+03   5.29519E+03   8.70342E+03   1.42653E+04   2.33100E+04   3.79571E+04   6.15565E+04   9.93348E+04   1.59301E+05   2.53413E+05   3.98820E+05   6.18357E+05   9.37078E+05   1.36650E+06   1.86987E+06   2.33019E+06   2.57601E+06   2.48152E+06

rrhv        5.46293E-12   1.33351E-11   3.04242E-11   7.04079E-11   1.72327E-10   4.40231E-10   1.13969E-09   2.94564E-09   7.58577E-09   1.94949E-08   5.00468E-08   1.28369E-07   3.28962E-07   8.42143E-07   2.15346E-06   5.49978E-06   1.40264E-05   3.57145E-05   9.07620E-05   2.30106E-04   5.81610E-04   1.46424E-03   3.66685E-03   9.11709E-03   2.24440E-02   5.44541E-02   1.29099E-01   2.94630E-01   6.34072E-01   1.25997E+00   2.27570E+00
            5.48534E-12   1.33900E-11   3.05501E-11   7.07024E-11   1.73058E-10   4.42125E-10   1.14466E-09   2.95868E-09   7.61984E-09   1.95837E-08   5.02781E-08   1.28971E-07   3.30523E-07   8.46190E-07   2.16393E-06   5.52683E-06   1.40962E-05   3.58940E-05   9.12227E-05   2.31285E-04   5.84616E-04   1.47187E-03   3.68612E-03   9.16537E-03   2.25637E-02   5.47466E-02   1.29797E-01   2.96231E-01   6.37533E-01   1.26687E+00   2.28820E+00
            5.50775E-12   1.34448E-11   3.06760E-11   7.09968E-11   1.73788E-10   4.44018E-10   1.14964E-09   2.97172E-09   7.65391E-09   1.96726E-08   5.05094E-08   1.29572E-07   3.32086E-07   8.50240E-07   2.17441E-06   5.55391E-06   1.41660E-05   3.60737E-05   9.16838E-05   2.32465E-04   5.87626E-04   1.47952E-03   3.70542E-03   9.21371E-03   2.26836E-02   5.50394E-02   1.30496E-01   2.97834E-01   6.41000E-01   1.27379E+00   2.30073E+00
            5.53014E-12   1.34996E-11   3.08018E-11   7.12910E-11   1.74518E-10   4.45911E-10   1.15461E-09   2.98476E-09   7.68799E-09   1.97614E-08   5.07409E-08   1.30174E-07   3.33649E-07   8.54292E-07   2.18490E-06   5.58101E-06   1.42359E-05   3.62535E-05   9.21454E-05   2.33646E-04   5.90640E-04   1.48717E-03   3.72474E-03   9.26213E-03   2.28036E-02   5.53328E-02   1.31196E-01   2.99441E-01   6.44473E-01   1.28071E+00   2.31327E+00
            5.55252E-12   1.35544E-11   3.09276E-11   7.15852E-11   1.75248E-10   4.47803E-10   1.15958E-09   2.99780E-09   7.72208E-09   1.98503E-08   5.09724E-08   1.30776E-07   3.35212E-07   8.58347E-07   2.19540E-06   5.60814E-06   1.43058E-05   3.64335E-05   9.26076E-05   2.34829E-04   5.93658E-04   1.49483E-03   3.74409E-03   9.31062E-03   2.29239E-02   5.56266E-02   1.31897E-01   3.01049E-01   6.47952E-01   1.28765E+00   2.32584E+00
            5.57489E-12   1.36092E-11   3.10533E-11   7.18792E-11   1.75978E-10   4.49696E-10   1.16455E-09   3.01084E-09   7.75617E-09   1.99393E-08   5.12040E-08   1.31379E-07   3.36777E-07   8.62405E-07   2.20590E-06   5.63528E-06   1.43759E-05   3.66137E-05   9.30703E-05   2.36014E-04   5.96679E-04   1.50251E-03   3.76347E-03   9.35918E-03   2.30443E-02   5.59208E-02   1.32599E-01   3.02661E-01   6.51437E-01   1.29460E+00   2.33843E+00
            5.59725E-12   1.36639E-11   3.11789E-11   7.21731E-11   1.76708E-10   4.51588E-10   1.16952E-09   3.02389E-09   7.79027E-09   2.00282E-08   5.14357E-08   1.31981E-07   3.38343E-07   8.66466E-07   2.21641E-06   5.66246E-06   1.44459E-05   3.67941E-05   9.35335E-05   2.37200E-04   5.99705E-04   1.51019E-03   3.78287E-03   9.40781E-03   2.31650E-02   5.62156E-02   1.33302E-01   3.04275E-01   6.54927E-01   1.30157E+00   2.35104E+00
            5.61959E-12   1.37186E-11   3.13045E-11   7.24669E-11   1.77437E-10   4.53479E-10   1.17450E-09   3.03693E-09   7.82437E-09   2.01172E-08   5.16675E-08   1.32585E-07   3.39910E-07   8.70529E-07   2.22694E-06   5.68965E-06   1.45161E-05   3.69747E-05   9.39971E-05   2.38387E-04   6.02734E-04   1.51788E-03   3.80230E-03   9.45651E-03   2.32857E-02   5.65108E-02   1.34007E-01   3.05892E-01   6.58424E-01   1.30854E+00   2.36368E+00
            5.64193E-12   1.37733E-11   3.14300E-11   7.27607E-11   1.78167E-10   4.55371E-10   1.17947E-09   3.04997E-09   7.85848E-09   2.02062E-08   5.18994E-08   1.33188E-07   3.41477E-07   8.74596E-07   2.23747E-06   5.71687E-06   1.45863E-05   3.71555E-05   9.44613E-05   2.39576E-04   6.05766E-04   1.52559E-03   3.82176E-03   9.50528E-03   2.34067E-02   5.68064E-02   1.34712E-01   3.07512E-01   6.61926E-01   1.31553E+00   2.37633E+00
            5.66425E-12   1.38279E-11   3.15555E-11   7.30543E-11   1.78896E-10   4.57262E-10   1.18444E-09   3.06302E-09   7.89260E-09   2.02952E-08   5.21314E-08   1.33792E-07   3.43046E-07   8.78664E-07   2.24800E-06   5.74411E-06   1.46566E-05   3.73364E-05   9.49260E-05   2.40765E-04   6.08803E-04   1.53330E-03   3.84124E-03   9.55412E-03   2.35279E-02   5.71025E-02   1.35419E-01   3.09134E-01   6.65434E-01   1.32253E+00   2.38901E+00
            5.68653E-12   1.38824E-11   3.16807E-11   7.33474E-11   1.79624E-10   4.59151E-10   1.18940E-09   3.07605E-09   7.92668E-09   2.03841E-08   5.23631E-08   1.34395E-07   3.44613E-07   8.82731E-07   2.25854E-06   5.77134E-06   1.47268E-05   3.75173E-05   9.53906E-05   2.41955E-04   6.11839E-04   1.54102E-03   3.86073E-03   9.60297E-03   2.36491E-02   5.73987E-02   1.36126E-01   3.10757E-01   6.68944E-01   1.32953E+00   2.40169E+00

drrhv       1.13226E+01   1.54208E+01   2.15705E+01   3.32328E+01   5.46650E+01   9.06828E+01   1.48567E+02   2.41289E+02   3.90867E+02   6.32858E+02   1.02413E+03   1.65592E+03   2.67471E+03   4.31538E+03   6.95379E+03   1.11898E+04   1.79775E+04   2.88278E+04   4.61189E+04   7.35622E+04   1.16881E+05   1.84749E+05   2.89977E+05   4.50749E+05   6.91013E+05   1.03665E+06   1.49863E+06   2.03630E+06   2.52398E+06   2.77919E+06   2.66944E+06
            1.13691E+01   1.54845E+01   2.16606E+01   3.33738E+01   5.49004E+01   9.10787E+01   1.49225E+02   2.42374E+02   3.92649E+02   6.35785E+02   1.02894E+03   1.66379E+03   2.68757E+03   4.33639E+03   6.98803E+03   1.12455E+04   1.80679E+04   2.89743E+04   4.63554E+04   7.39427E+04   1.17491E+05   1.85720E+05   2.91514E+05   4.53155E+05   6.94727E+05   1.04225E+06   1.50678E+06   2.04743E+06   2.53783E+06   2.79449E+06   2.68416E+06
            1.14157E+01   1.55482E+01   2.17508E+01   3.35147E+01   5.51357E+01   9.14746E+01   1.49883E+02   2.43458E+02   3.94432E+02   6.38713E+02   1.03374E+03   1.67166E+03   2.70045E+03   4.35741E+03   7.02230E+03   1.13013E+04   1.81585E+04   2.91209E+04   4.65921E+04   7.43238E+04   1.18101E+05   1.86694E+05   2.93053E+05   4.55565E+05   6.98448E+05   1.04787E+06   1.51495E+06   2.05858E+06   2.55171E+06   2.80982E+06   2.69892E+06
            1.14621E+01   1.56119E+01   2.18409E+01   3.36556E+01   5.53710E+01   9.18705E+01   1.50541E+02   2.44543E+02   3.96216E+02   6.41643E+02   1.03855E+03   1.67954E+03   2.71333E+03   4.37845E+03   7.05660E+03   1.13571E+04   1.82491E+04   2.92676E+04   4.68292E+04   7.47053E+04   1.18713E+05   1.87668E+05   2.94594E+05   4.57979E+05   7.02174E+05   1.05350E+06   1.52313E+06   2.06976E+06   2.56561E+06   2.82517E+06   2.71370E+06
            1.15086E+01   1.56756E+01   2.19309E+01   3.37965E+01   5.56063E+01   9.22664E+01   1.51199E+02   2.45628E+02   3.98000E+02   6.44573E+02   1.04336E+03   1.68742E+03   2.72622E+03   4.39951E+03   7.09093E+03   1.14129E+04   1.83398E+04   2.94146E+04   4.70665E+04   7.50874E+04   1.19325E+05   1.88644E+05   2.96138E+05   4.60396E+05   7.05906E+05   1.05913E+06   1.53133E+06   2.08095E+06   2.57954E+06   2.84056E+06   2.72851E+06
            1.15551E+01   1.57392E+01   2.20210E+01   3.39374E+01   5.58415E+01   9.26623E+01   1.51857E+02   2.46713E+02   3.99784E+02   6.47505E+02   1.04817E+03   1.69530E+03   2.73913E+03   4.42058E+03   7.12529E+03   1.14688E+04   1.84306E+04   2.95617E+04   4.73041E+04   7.54699E+04   1.19938E+05   1.89621E+05   2.97684E+05   4.62817E+05   7.09644E+05   1.06478E+06   1.53954E+06   2.09216E+06   2.59349E+06   2.85597E+06   2.74335E+06
            1.16015E+01   1.58028E+01   2.21110E+01   3.40782E+01   5.60767E+01   9.30582E+01   1.52515E+02   2.47798E+02   4.01569E+02   6.50438E+02   1.05298E+03   1.70319E+03   2.75204E+03   4.44167E+03   7.15968E+03   1.15248E+04   1.85215E+04   2.97089E+04   4.75420E+04   7.58529E+04   1.20552E+05   1.90600E+05   2.99232E+05   4.65242E+05   7.13388E+05   1.07043E+06   1.54776E+06   2.10339E+06   2.60747E+06   2.87140E+06   2.75821E+06
            1.16479E+01   1.58664E+01   2.22009E+01   3.42190E+01   5.63118E+01   9.34540E+01   1.53174E+02   2.48884E+02   4.03355E+02   6.53372E+02   1.05780E+03   1.71109E+03   2.76495E+03   4.46277E+03   7.19410E+03   1.15808E+04   1.86125E+04   2.98563E+04   4.77802E+04   7.62363E+04   1.21167E+05   1.91579E+05   3.00782E+05   4.67671E+05   7.17138E+05   1.07610E+06   1.55600E+06   2.11464E+06   2.62147E+06   2.88687E+06   2.77310E+06
            1.16942E+01   1.59299E+01   2.22909E+01   3.43597E+01   5.65469E+01   9.38498E+01   1.53832E+02   2.49969E+02   4.05141E+02   6.56307E+02   1.06262E+03   1.71899E+03   2.77788E+03   4.48390E+03   7.22855E+03   1.16369E+04   1.87035E+04   3.00039E+04   4.80186E+04   7.66202E+04   1.21782E+05   1.92561E+05   3.02335E+05   4.70103E+05   7.20894E+05   1.08177E+06   1.56425E+06   2.12591E+06   2.63549E+06   2.90236E+06   2.78801E+06
            1.17406E+01   1.59934E+01   2.23808E+01   3.45004E+01   5.67820E+01   9.42457E+01   1.54490E+02   2.51055E+02   4.06927E+02   6.59244E+02   1.06744E+03   1.72689E+03   2.79082E+03   4.50503E+03   7.26303E+03   1.16930E+04   1.87947E+04   3.01517E+04   4.82573E+04   7.70047E+04   1.22399E+05   1.93543E+05   3.03890E+05   4.72538E+05   7.24655E+05   1.08745E+06   1.57251E+06   2.13719E+06   2.64954E+06   2.91788E+06   2.80295E+06
            1.17868E+01   1.60568E+01   2.24705E+01   3.46409E+01   5.70168E+01   9.46410E+01   1.55148E+02   2.52140E+02   4.08712E+02   6.62177E+02   1.07225E+03   1.73479E+03   2.80375E+03   4.52616E+03   7.29749E+03   1.17491E+04   1.88858E+04   3.02994E+04   4.84960E+04   7.73891E+04   1.23015E+05   1.94526E+05   3.05445E+05   4.74975E+05   7.28418E+05   1.09313E+06   1.58078E+06   2.14849E+06   2.66359E+06   2.93340E+06   2.81790E+06

irhv        2.27885E-16   5.62793E-16   1.30721E-15   3.08125E-15   7.60906E-15   1.93343E-14   4.91629E-14   1.23666E-13   3.08073E-13   7.63130E-13   1.88509E-12   4.65152E-12   1.14817E-11   2.84022E-11   7.05953E-11   1.76981E-10   4.49876E-10   1.16754E-09   3.11897E-09   8.64798E-09   2.50486E-08   7.59749E-08   2.40627E-07   7.89612E-07   2.65122E-06   8.92697E-06   2.91863E-05   8.89131E-05   2.43058E-04   5.82144E-04   1.21079E-03
            2.47116E-16   6.10296E-16   1.41760E-15   3.34173E-15   8.25320E-15   2.09735E-14   5.33368E-14   1.34178E-13   3.34280E-13   8.28051E-13   2.04527E-12   5.04556E-12   1.24485E-11   3.07691E-11   7.63788E-11   1.91093E-10   4.84293E-10   1.25153E-09   3.32446E-09   9.15340E-09   2.63032E-08   7.91343E-08   2.48752E-07   8.11103E-07   2.70995E-06   9.09222E-06   2.96552E-05   9.02038E-05   2.46355E-04   5.89696E-04   1.22605E-03
            2.68417E-16   6.62914E-16   1.53989E-15   3.63028E-15   8.96683E-15   2.27897E-14   5.79619E-14   1.45828E-13   3.63327E-13   9.00014E-13   2.22285E-12   5.48241E-12   1.35204E-11   3.33931E-11   8.27895E-11   2.06732E-10   5.22413E-10   1.34448E-09   3.55157E-09   9.71081E-09   2.76824E-08   8.25918E-08   2.57588E-07   8.34279E-07   2.77266E-06   9.26684E-06   3.01459E-05   9.15438E-05   2.49757E-04   5.97462E-04   1.24170E-03
            2.92540E-16   7.22505E-16   1.67839E-15   3.95710E-15   9.77515E-15   2.48470E-14   6.32015E-14   1.59026E-13   3.96238E-13   9.81553E-13   2.42406E-12   5.97742E-12   1.47350E-11   3.63661E-11   9.00516E-11   2.24441E-10   5.65555E-10   1.44958E-09   3.80797E-09   1.03386E-08   2.92303E-08   8.64520E-08   2.67382E-07   8.59724E-07   2.84072E-06   9.45394E-06   3.06654E-05   9.29485E-05   2.53298E-04   6.05503E-04   1.25785E-03
            3.20542E-16   7.91675E-16   1.83915E-15   4.33647E-15   1.07135E-14   2.72353E-14   6.92843E-14   1.74348E-13   4.34447E-13   1.07622E-12   2.65767E-12   6.55214E-12   1.61451E-11   3.98173E-11   9.84796E-11   2.44985E-10   6.15571E-10   1.57130E-09   4.10442E-09   1.10627E-08   3.10087E-08   9.08618E-08   2.78480E-07   8.88252E-07   2.91602E-06   9.65789E-06   3.12236E-05   9.44393E-05   2.57022E-04   6.13904E-04   1.27465E-03
            3.53929E-16   8.74150E-16   2.03083E-15   4.78883E-15   1.18323E-14   3.00831E-14   7.65376E-14   1.92620E-13   4.80010E-13   1.18911E-12   2.93624E-12   7.23743E-12   1.78263E-11   4.39314E-11   1.08524E-10   2.69459E-10   6.75113E-10   1.71604E-09   4.45637E-09   1.19200E-08   3.31060E-08   9.60318E-08   2.91382E-07   9.21034E-07   3.00128E-06   9.88495E-06   3.18344E-05   9.60469E-05   2.60992E-04   6.22788E-04   1.29231E-03
            3.94910E-16   9.75385E-16   2.26612E-15   5.34407E-15   1.32057E-14   3.35788E-14   8.54408E-14   2.15047E-13   5.35936E-13   1.32768E-12   3.27815E-12   8.07848E-12   1.98894E-11   4.89792E-11   1.20845E-10   2.99466E-10   7.48069E-10   1.89320E-09   4.88640E-09   1.29649E-08   3.56519E-08   1.02271E-07   3.06818E-07   9.59785E-07   3.10049E-06   1.01443E-05   3.25187E-05   9.78162E-05   2.65301E-04   6.32335E-04   1.31115E-03
            4.46784E-16   1.10353E-15   2.56394E-15   6.04688E-15   1.49440E-14   3.80033E-14   9.67099E-14   2.43434E-13   6.06722E-13   1.50305E-12   3.71088E-12   9.14284E-12   2.25001E-11   5.53655E-11   1.36428E-10   3.37406E-10   8.40250E-10   2.11681E-09   5.42837E-09   1.42785E-08   3.88406E-08   1.10040E-07   3.25880E-07   1.00707E-06   3.21963E-06   1.04496E-05   3.33072E-05   9.98147E-05   2.70089E-04   6.42812E-04   1.33165E-03
            5.14549E-16   1.27092E-15   2.95300E-15   6.96500E-15   1.72149E-14   4.37833E-14   1.11431E-13   2.80516E-13   6.99188E-13   1.73214E-12   4.27610E-12   1.05330E-11   2.59096E-11   6.37049E-11   1.56773E-10   3.86919E-10   9.60481E-10   2.40821E-09   6.13360E-09   1.59840E-08   4.29666E-08   1.20041E-07   3.50227E-07   1.06679E-06   3.36778E-06   1.08218E-05   3.42468E-05   1.02145E-04   2.75568E-04   6.54628E-04   1.35453E-03
            6.05846E-16   1.49645E-15   3.47715E-15   8.20194E-15   2.02743E-14   5.15705E-14   1.31264E-13   3.30475E-13   8.23763E-13   2.04077E-12   5.03757E-12   1.24058E-11   3.05024E-11   7.49373E-11   1.84170E-10   4.53575E-10   1.12226E-09   2.80002E-09   7.08070E-09   1.82701E-08   4.84810E-08   1.33347E-07   3.82398E-07   1.14491E-06   3.55881E-06   1.12927E-05   3.54096E-05   1.04963E-04   2.82061E-04   6.68407E-04   1.38088E-03
            7.32161E-16   1.80848E-15   4.20237E-15   9.91337E-15   2.45074E-14   6.23452E-14   1.58707E-13   3.99604E-13   9.96140E-13   2.46783E-12   6.09125E-12   1.49973E-11   3.68573E-11   9.04779E-11   2.22071E-10   5.45764E-10   1.34593E-09   3.34138E-09   8.38806E-09   2.14210E-08   5.60632E-08   1.51575E-07   4.26220E-07   1.25042E-06   3.81363E-06   1.19103E-05   3.69033E-05   1.08503E-04   2.90054E-04   6.85083E-04   1.41235E-03

dirhv       4.76490E-04   6.62450E-04   9.49087E-04   1.47982E-03   2.41865E-03   3.93136E-03   6.25314E-03   9.80259E-03   1.52798E-02   2.37776E-02   3.69852E-02   5.75573E-02   8.97554E-02   1.40602E-01   2.22073E-01   3.55481E-01   5.80646E-01   9.75720E-01   1.70108E+00   3.09784E+00   5.91006E+00   1.17848E+01   2.43846E+01   5.17828E+01   1.11035E+02   2.33738E+02   4.62401E+02   8.18687E+02   1.24909E+03   1.60931E+03   1.74003E+03
            5.16705E-04   7.18387E-04   1.02931E-03   1.60509E-03   2.62372E-03   4.26518E-03   6.78479E-03   1.06368E-02   1.65803E-02   2.57994E-02   4.01211E-02   6.24098E-02   9.72477E-02   1.52148E-01   2.39840E-01   3.82804E-01   6.22689E-01   1.04057E+00   1.80160E+00   3.25505E+00   6.15943E+00   1.21886E+01   2.50572E+01   5.29416E+01   1.13100E+02   2.37484E+02   4.69052E+02   8.29643E+02   1.26505E+03   1.62926E+03   1.76118E+03
            5.61250E-04   7.80348E-04   1.11818E-03   1.74388E-03   2.85095E-03   4.63510E-03   7.37398E-03   1.15613E-02   1.80219E-02   2.80406E-02   4.35976E-02   6.77898E-02   1.05554E-01   1.64946E-01   2.59529E-01   4.13069E-01   6.69221E-01   1.11224E+00   1.91249E+00   3.42794E+00   6.43244E+00   1.26280E+01   2.57830E+01   5.41798E+01   1.15283E+02   2.41403E+02   4.75953E+02   8.40939E+02   1.28144E+03   1.64970E+03   1.78279E+03
            6.11698E-04   8.50523E-04   1.21884E-03   1.90109E-03   3.10834E-03   5.05416E-03   8.04150E-03   1.26089E-02   1.96554E-02   3.05804E-02   4.75372E-02   7.38860E-02   1.14965E-01   1.79445E-01   2.81827E-01   4.47325E-01   7.21840E-01   1.19318E+00   2.03741E+00   3.62204E+00   6.73739E+00   1.31153E+01   2.65804E+01   5.55243E+01   1.17622E+02   2.45551E+02   4.83179E+02   8.52677E+02   1.29837E+03   1.67074E+03   1.80500E+03
            6.70255E-04   9.31978E-04   1.33568E-03   2.08358E-03   3.40714E-03   5.54066E-03   8.81647E-03   1.38251E-02   2.15519E-02   3.35291E-02   5.21112E-02   8.09636E-02   1.25890E-01   1.96272E-01   3.07696E-01   4.87041E-01   7.82787E-01   1.28677E+00   2.18152E+00   3.84512E+00   7.08594E+00   1.36679E+01   2.74750E+01   5.70129E+01   1.20173E+02   2.50005E+02   4.90839E+02   8.64995E+02   1.31602E+03   1.69257E+03   1.82797E+03
            7.40075E-04   1.02910E-03   1.47500E-03   2.30118E-03   3.76344E-03   6.12078E-03   9.74059E-03   1.52754E-02   2.38135E-02   3.70454E-02   5.75652E-02   8.94022E-02   1.38915E-01   2.16327E-01   3.38514E-01   5.34326E-01   8.55273E-01   1.39791E+00   2.35220E+00   4.10830E+00   7.49479E+00   1.43107E+01   2.85039E+01   5.86998E+01   1.23015E+02   2.54879E+02   4.99085E+02   8.78096E+02   1.33463E+03   1.71545E+03   1.85194E+03
            8.25777E-04   1.14832E-03   1.64601E-03   2.56828E-03   4.20078E-03   6.83286E-03   1.08749E-02   1.70556E-02   2.65894E-02   4.13611E-02   6.42589E-02   9.97580E-02   1.54895E-01   2.40927E-01   3.76303E-01   5.92268E-01   9.44003E-01   1.53373E+00   2.56026E+00   4.42791E+00   7.98843E+00   1.50803E+01   2.97213E+01   6.06647E+01   1.26262E+02   2.60335E+02   5.08145E+02   8.92272E+02   1.35455E+03   1.73976E+03   1.87728E+03
            9.34257E-04   1.29922E-03   1.86246E-03   2.90636E-03   4.75434E-03   7.73416E-03   1.23106E-02   1.93088E-02   3.01027E-02   4.68232E-02   7.27300E-02   1.12862E-01   1.75114E-01   2.72044E-01   4.24082E-01   6.65483E-01   1.05601E+00   1.70492E+00   2.82190E+00   4.82835E+00   8.60348E+00   1.60314E+01   3.12080E+01   6.30263E+01   1.30088E+02   2.66619E+02   5.18356E+02   9.07966E+02   1.37631E+03   1.76606E+03   1.90451E+03
            1.07597E-03   1.49635E-03   2.14523E-03   3.34801E-03   5.47749E-03   8.91155E-03   1.41862E-02   2.22521E-02   3.46920E-02   5.39578E-02   8.37944E-02   1.29976E-01   2.01516E-01   3.12669E-01   4.86439E-01   7.60984E-01   1.20199E+00   1.92773E+00   3.16169E+00   5.34667E+00   9.39558E+00   1.72469E+01   3.30873E+01   6.59655E+01   1.34753E+02   2.74104E+02   5.30230E+02   9.25845E+02   1.40071E+03   1.79522E+03   1.93445E+03
            1.26689E-03   1.76193E-03   2.52619E-03   3.94302E-03   6.45175E-03   1.04978E-02   1.67130E-02   2.62175E-02   4.08749E-02   6.35696E-02   9.86999E-02   1.53031E-01   2.37077E-01   3.67378E-01   5.70390E-01   8.89497E-01   1.39829E+00   2.22698E+00   3.61724E+00   6.03960E+00   1.04499E+01   1.88540E+01   3.55474E+01   6.97589E+01   1.40659E+02   2.83359E+02   5.44555E+02   9.46934E+02   1.42898E+03   1.82856E+03   1.96835E+03
            1.53105E-03   2.12939E-03   3.05328E-03   4.76630E-03   7.79979E-03   1.26927E-02   2.02093E-02   3.17045E-02   4.94304E-02   7.68699E-02   1.19325E-01   1.84930E-01   2.86279E-01   4.43062E-01   6.86502E-01   1.06718E+00   1.66953E+00   2.64011E+00   4.24522E+00   6.99260E+00   1.18946E+01   2.10442E+01   3.88721E+01   7.48227E+01   1.48410E+02   2.95243E+02   5.62508E+02   9.72767E+02   1.46296E+03   1.86804E+03   2.00804E+03

kdp         2.53861E-12   5.72182E-12   1.10423E-11   1.90140E-11   3.04652E-11   4.71858E-11   7.25335E-11   1.11806E-10   1.72607E-10   2.65680E-10   4.06606E-10   6.18536E-10   9.36209E-10   1.41174E-09   2.12312E-09   3.18671E-09   4.77586E-09   7.14847E-09   1.06879E-08   1.59637E-08   2.38212E-08   3.55149E-08   5.29059E-08   7.87540E-08   1.17152E-07   1.74162E-07   2.58682E-07   3.83282E-07   5.63885E-07   8.15996E-07   1.14585E-06
            2.54875E-12   5.74468E-12   1.10864E-11   1.90901E-11   3.05877E-11   4.73769E-11   7.28299E-11   1.12269E-10   1.73330E-10   2.66809E-10   4.08360E-10   6.21246E-10   9.40374E-10   1.41812E-09   2.13285E-09   3.20154E-09   4.79839E-09   7.18265E-09   1.07397E-08   1.60419E-08   2.39393E-08   3.56930E-08   5.31739E-08   7.91570E-08   1.17757E-07   1.75070E-07   2.60042E-07   3.85314E-07   5.66897E-07   8.20385E-07   1.15205E-06
            2.55888E-12   5.76753E-12   1.11305E-11   1.91663E-11   3.07102E-11   4.75678E-11   7.31262E-11   1.12731E-10   1.74053E-10   2.67938E-10   4.10114E-10   6.23956E-10   9.44539E-10   1.42450E-09   2.14259E-09   3.21637E-09   4.82094E-09   7.21685E-09   1.07915E-08   1.61203E-08   2.40575E-08   3.58712E-08   5.34423E-08   7.95605E-08   1.18363E-07   1.75979E-07   2.61404E-07   3.87349E-07   5.69914E-07   8.24781E-07   1.15826E-06
            2.56901E-12   5.79036E-12   1.11746E-11   1.92423E-11   3.08326E-11   4.77586E-11   7.34223E-11   1.13193E-10   1.74775E-10   2.69066E-10   4.11867E-10   6.26665E-10   9.48705E-10   1.43088E-09   2.15234E-09   3.23121E-09   4.84349E-09   7.25108E-09   1.08433E-08   1.61986E-08   2.41759E-08   3.60497E-08   5.37109E-08   7.99644E-08   1.18970E-07   1.76890E-07   2.62768E-07   3.89387E-07   5.72936E-07   8.29184E-07   1.16448E-06
            2.57912E-12   5.81317E-12   1.12187E-11   1.93184E-11   3.09549E-11   4.79493E-11   7.37183E-11   1.13654E-10   1.75498E-10   2.70195E-10   4.13621E-10   6.29374E-10   9.52871E-10   1.43726E-09   2.16208E-09   3.24605E-09   4.86606E-09   7.28532E-09   1.08952E-08   1.62771E-08   2.42943E-08   3.62283E-08   5.39798E-08   8.03688E-08   1.19578E-07   1.77801E-07   2.64134E-07   3.91428E-07   5.75962E-07   8.33593E-07   1.17070E-06
            2.58923E-12   5.83597E-12   1.12627E-11   1.93944E-11   3.10771E-11   4.81399E-11   7.40141E-11   1.14116E-10   1.76220E-10   2.71323E-10   4.15374E-10   6.32084E-10   9.57038E-10   1.44364E-09   2.17183E-09   3.26091E-09   4.88864E-09   7.31959E-09   1.09471E-08   1.63556E-08   2.44129E-08   3.64071E-08   5.42491E-08   8.07737E-08   1.20186E-07   1.78714E-07   2.65502E-07   3.93472E-07   5.78993E-07   8.38010E-07   1.17694E-06
            2.59933E-12   5.85874E-12   1.13067E-11   1.94703E-11   3.11992E-11   4.83303E-11   7.43097E-11   1.14577E-10   1.76942E-10   2.72451E-10   4.17127E-10   6.34793E-10   9.61205E-10   1.45003E-09   2.18158E-09   3.27577E-09   4.91124E-09   7.35388E-09   1.09990E-08   1.64342E-08   2.45316E-08   3.65860E-08   5.45186E-08   8.11791E-08   1.20795E-07   1.79628E-07   2.66871E-07   3.95519E-07   5.82028E-07   8.42434E-07   1.18319E-06
            2.60943E-12   5.88151E-12   1.13507E-11   1.95461E-11   3.13213E-11   4.85207E-11   7.46052E-11   1.15038E-10   1.77664E-10   2.73578E-10   4.18880E-10   6.37503E-10   9.65372E-10   1.45641E-09   2.19134E-09   3.29063E-09   4.93384E-09   7.38819E-09   1.10510E-08   1.65128E-08   2.46504E-08   3.67652E-08   5.47884E-08   8.15849E-08   1.21404E-07   1.80543E-07   2.68243E-07   3.97569E-07   5.85068E-07   8.46865E-07   1.18945E-06
            2.61952E-12   5.90425E-12   1.13946E-11   1.96220E-11   3.14432E-11   4.87109E-11   7.49005E-11   1.15499E-10   1.78385E-10   2.74706E-10   4.20632E-10   6.40212E-10   9.69540E-10   1.46280E-09   2.20109E-09   3.30550E-09   4.95646E-09   7.42252E-09   1.11031E-08   1.65915E-08   2.47692E-08   3.69445E-08   5.50585E-08   8.19912E-08   1.22015E-07   1.81459E-07   2.69616E-07   3.99622E-07   5.88113E-07   8.51303E-07   1.19572E-06
            2.62960E-12   5.92698E-12   1.14385E-11   1.96977E-11   3.15651E-11   4.89010E-11   7.51956E-11   1.15960E-10   1.79107E-10   2.75833E-10   4.22385E-10   6.42921E-10   9.73708E-10   1.46919E-09   2.21085E-09   3.32038E-09   4.97909E-09   7.45688E-09   1.11551E-08   1.66703E-08   2.48882E-08   3.71240E-08   5.53288E-08   8.23980E-08   1.22626E-07   1.82377E-07   2.70992E-07   4.01677E-07   5.91162E-07   8.55747E-07   1.20200E-06
            2.63966E-12   5.94966E-12   1.14824E-11   1.97733E-11   3.16868E-11   4.90907E-11   7.54903E-11   1.16419E-10   1.79827E-10   2.76958E-10   4.24134E-10   6.45627E-10   9.77872E-10   1.47557E-09   2.22061E-09   3.33524E-09   5.00170E-09   7.49121E-09   1.12072E-08   1.67490E-08   2.50072E-08   3.73034E-08   5.55991E-08   8.28047E-08   1.23237E-07   1.83294E-07   2.72367E-07   4.03733E-07   5.94212E-07   8.60192E-07   1.20828E-06

dkdp        4.98166E+00   5.70957E+00   5.66489E+00   5.19091E+00   4.70575E+00   4.41286E+00   4.28182E+00   4.19687E+00   4.08081E+00   3.91931E+00   3.72979E+00   3.53204E+00   3.33775E+00   3.15139E+00   2.97379E+00   2.80454E+00   2.64305E+00   2.48888E+00   2.34177E+00   2.20155E+00   2.06809E+00   1.94130E+00   1.82110E+00   1.70737E+00   1.59997E+00   1.49825E+00   1.39938E+00   1.29477E+00   1.16818E+00   1.00253E+00   7.95032E-01
            5.00156E+00   5.73240E+00   5.68759E+00   5.21182E+00   4.72489E+00   4.43106E+00   4.29975E+00   4.21472E+00   4.09846E+00   3.93654E+00   3.74645E+00   3.54809E+00   3.35315E+00   3.16616E+00   2.98793E+00   2.81804E+00   2.65594E+00   2.50117E+00   2.35346E+00   2.21266E+00   2.07864E+00   1.95130E+00   1.83056E+00   1.71632E+00   1.60843E+00   1.50623E+00   1.40690E+00   1.30178E+00   1.17454E+00   1.00802E+00   7.99403E-01
            5.02145E+00   5.75521E+00   5.71028E+00   5.23272E+00   4.74402E+00   4.44925E+00   4.31768E+00   4.23257E+00   4.11610E+00   3.95376E+00   3.76312E+00   3.56414E+00   3.36856E+00   3.18093E+00   3.00206E+00   2.83156E+00   2.66884E+00   2.51346E+00   2.36517E+00   2.22378E+00   2.08919E+00   1.96131E+00   1.84004E+00   1.72528E+00   1.61690E+00   1.51423E+00   1.41442E+00   1.30879E+00   1.18091E+00   1.01352E+00   8.03783E-01
            5.04132E+00   5.77801E+00   5.73295E+00   5.25361E+00   4.76315E+00   4.46743E+00   4.33560E+00   4.25042E+00   4.13374E+00   3.97099E+00   3.77980E+00   3.58019E+00   3.38398E+00   3.19571E+00   3.01621E+00   2.84509E+00   2.68175E+00   2.52577E+00   2.37688E+00   2.23492E+00   2.09976E+00   1.97133E+00   1.84952E+00   1.73426E+00   1.62538E+00   1.52224E+00   1.42196E+00   1.31582E+00   1.18729E+00   1.01903E+00   8.08170E-01
            5.06118E+00   5.80079E+00   5.75561E+00   5.27448E+00   4.78226E+00   4.48560E+00   4.35351E+00   4.26827E+00   4.15138E+00   3.98822E+00   3.79647E+00   3.59625E+00   3.39940E+00   3.21049E+00   3.03037E+00   2.85862E+00   2.69467E+00   2.53809E+00   2.38861E+00   2.24606E+00   2.11034E+00   1.98136E+00   1.85902E+00   1.74325E+00   1.63387E+00   1.53026E+00   1.42951E+00   1.32286E+00   1.19368E+00   1.02454E+00   8.12566E-01
            5.08103E+00   5.82356E+00   5.77825E+00   5.29534E+00   4.80136E+00   4.50376E+00   4.37141E+00   4.28611E+00   4.16901E+00   4.00545E+00   3.81315E+00   3.61231E+00   3.41483E+00   3.22528E+00   3.04453E+00   2.87217E+00   2.70760E+00   2.55042E+00   2.40035E+00   2.25722E+00   2.12093E+00   1.99140E+00   1.86853E+00   1.75225E+00   1.64238E+00   1.53829E+00   1.43708E+00   1.32991E+00   1.20008E+00   1.03007E+00   8.16969E-01
            5.10086E+00   5.84630E+00   5.80087E+00   5.31619E+00   4.82044E+00   4.52192E+00   4.38931E+00   4.30394E+00   4.18665E+00   4.02267E+00   3.82983E+00   3.62837E+00   3.43026E+00   3.24008E+00   3.05871E+00   2.88572E+00   2.72055E+00   2.56276E+00   2.41209E+00   2.26839E+00   2.13154E+00   2.00146E+00   1.87806E+00   1.76126E+00   1.65090E+00   1.54634E+00   1.44465E+00   1.33697E+00   1.20650E+00   1.03560E+00   8.21379E-01
            5.12067E+00   5.86904E+00   5.82348E+00   5.33702E+00   4.83952E+00   4.54007E+00   4.40721E+00   4.32177E+00   4.20428E+00   4.03990E+00   3.84651E+00   3.64444E+00   3.44570E+00   3.25489E+00   3.07289E+00   2.89928E+00   2.73350E+00   2.57511E+00   2.42385E+00   2.27957E+00   2.14216E+00   2.01152E+00   1.88759E+00   1.77028E+00   1.65943E+00   1.55440E+00   1.45224E+00   1.34404E+00   1.21292E+00   1.04115E+00   8.25797E-01
            5.14047E+00   5.89175E+00   5.84608E+00   5.35784E+00   4.85859E+00   4.55820E+00   4.42510E+00   4.33960E+00   4.22191E+00   4.05713E+00   3.86319E+00   3.66052E+00   3.46114E+00   3.26970E+00   3.08708E+00   2.91285E+00   2.74646E+00   2.58747E+00   2.43563E+00   2.29076E+00   2.15278E+00   2.02160E+00   1.89714E+00   1.77932E+00   1.66798E+00   1.56246E+00   1.45984E+00   1.35113E+00   1.21936E+00   1.04670E+00   8.30223E-01
            5.16026E+00   5.91445E+00   5.86865E+00   5.37864E+00   4.87764E+00   4.57633E+00   4.44298E+00   4.35742E+00   4.23954E+00   4.07435E+00   3.87988E+00   3.67659E+00   3.47659E+00   3.28452E+00   3.10127E+00   2.92643E+00   2.75943E+00   2.59984E+00   2.44741E+00   2.30197E+00   2.16342E+00   2.03169E+00   1.90670E+00   1.78837E+00   1.67653E+00   1.57054E+00   1.46745E+00   1.35822E+00   1.22580E+00   1.05227E+00   8.34657E-01
            5.18000E+00   5.93711E+00   5.89119E+00   5.39941E+00   4.89666E+00   4.59443E+00   4.46083E+00   4.37522E+00   4.25714E+00   4.09156E+00   3.89654E+00   3.69265E+00   3.49202E+00   3.29933E+00   3.11546E+00   2.94001E+00   2.77240E+00   2.61221E+00   2.45919E+00   2.31317E+00   2.17406E+00   2.04179E+00   1.91626E+00   1.79741E+00   1.68509E+00   1.57863E+00   1.47506E+00   1.36532E+00   1.23225E+00   1.05783E+00   8.39092E-01

adp         1.37746E-17   3.10587E-17   5.99930E-17   1.03510E-16   1.66500E-16   2.59598E-16   4.02880E-16   6.28498E-16   9.83668E-16   1.53695E-15   2.39034E-15   3.69914E-15   5.70262E-15   8.77186E-15   1.34874E-14   2.07707E-14   3.21180E-14   5.00364E-14   7.89026E-14   1.26727E-13   2.08927E-13   3.56620E-13   6.35205E-13   1.18654E-12   2.32496E-12   4.75222E-12   1.00036E-11   2.12037E-11   4.38556E-11   8.56508E-11   1.53982E-10
            1.49099E-17   3.36186E-17   6.49382E-17   1.12044E-16   1.80232E-16   2.81021E-16   4.36152E-16   6.80449E-16   1.06505E-15   1.66418E-15   2.58829E-15   4.00540E-15   6.17419E-15   9.49525E-15   1.45940E-14   2.24599E-14   3.46927E-14   5.39571E-14   8.48710E-14   1.35819E-13   2.22806E-13   3.77891E-13   6.68040E-13   1.23781E-12   2.40638E-12   4.88466E-12   1.02255E-11   2.15860E-11   4.45229E-11   8.67991E-11   1.55871E-10
            1.61658E-17   3.64506E-17   7.04091E-17   1.21485E-16   1.95425E-16   3.04723E-16   4.72966E-16   7.37933E-16   1.15510E-15   1.80499E-15   2.80737E-15   4.34438E-15   6.69615E-15   1.02960E-14   1.58189E-14   2.43298E-14   3.75425E-14   5.82959E-14   9.14740E-14   1.45872E-13   2.38138E-13   4.01359E-13   7.04192E-13   1.29407E-12   2.49534E-12   5.02848E-12   1.04645E-11   2.19942E-11   4.52292E-11   8.80049E-11   1.57842E-10
            1.75870E-17   3.96553E-17   7.65998E-17   1.32169E-16   2.12617E-16   3.31545E-16   5.14628E-16   8.02991E-16   1.25702E-15   1.96437E-15   3.05535E-15   4.72809E-15   7.28701E-15   1.12024E-14   1.72055E-14   2.64463E-14   4.07679E-14   6.32055E-14   9.89430E-14   1.57237E-13   2.55454E-13   4.27824E-13   7.44863E-13   1.35715E-12   2.59456E-12   5.18775E-12   1.07269E-11   2.24374E-11   4.59879E-11   8.92880E-11   1.59923E-10
            1.92360E-17   4.33734E-17   8.37825E-17   1.44564E-16   2.32563E-16   3.62665E-16   5.62968E-16   8.78477E-16   1.37528E-15   2.14930E-15   3.34310E-15   5.17333E-15   7.97264E-15   1.22542E-14   1.88144E-14   2.89020E-14   4.45096E-14   6.88996E-14   1.07602E-13   1.70404E-13   2.75495E-13   4.58402E-13   7.91737E-13   1.42958E-12   2.70786E-12   5.36821E-12   1.10211E-11   2.29285E-11   4.68182E-11   9.06763E-11   1.62154E-10
            2.12018E-17   4.78061E-17   9.23455E-17   1.59341E-16   2.56343E-16   3.99766E-16   6.20598E-16   9.68472E-16   1.51627E-15   2.36978E-15   3.68617E-15   5.70417E-15   8.79004E-15   1.35081E-14   2.07324E-14   3.18291E-14   4.89689E-14   7.56838E-14   1.17914E-13   1.86074E-13   2.99320E-13   4.94693E-13   8.47227E-13   1.51498E-12   2.84068E-12   5.57803E-12   1.13594E-11   2.34859E-11   4.77472E-11   9.22092E-11   1.64591E-10
            2.36148E-17   5.32472E-17   1.02857E-16   1.77481E-16   2.85534E-16   4.45308E-16   6.91339E-16   1.07894E-15   1.68934E-15   2.64042E-15   4.10727E-15   6.35574E-15   9.79335E-15   1.50472E-14   2.30863E-14   3.54211E-14   5.44402E-14   8.40055E-14   1.30558E-13   2.05274E-13   3.28481E-13   5.39039E-13   9.14858E-13   1.61866E-12   3.00101E-12   5.82921E-12   1.17599E-11   2.41363E-11   4.88147E-11   9.39451E-11   1.67316E-10
            2.66697E-17   6.01355E-17   1.16164E-16   2.00445E-16   3.22488E-16   5.02963E-16   7.80894E-16   1.21879E-15   1.90844E-15   2.98302E-15   4.64034E-15   7.18055E-15   1.10634E-14   1.69952E-14   2.60656E-14   3.99669E-14   6.13631E-14   9.45324E-14   1.46545E-13   2.29536E-13   3.65294E-13   5.94935E-13   9.99900E-13   1.74856E-12   3.20077E-12   6.13963E-12   1.22493E-11   2.49201E-11   5.00805E-11   9.59707E-11   1.70452E-10
            3.06609E-17   6.91353E-17   1.33549E-16   2.30449E-16   3.70769E-16   5.78290E-16   8.97899E-16   1.40150E-15   2.19468E-15   3.43062E-15   5.33678E-15   8.25809E-15   1.27225E-14   1.95400E-14   2.99573E-14   4.59044E-14   7.04041E-14   1.08277E-13   1.67412E-13   2.61184E-13   4.13272E-13   6.67682E-13   1.11034E-12   1.91670E-12   3.45803E-12   6.53646E-12   1.28684E-11   2.58979E-11   5.16347E-11   9.84178E-11   1.74184E-10
            3.60381E-17   8.12602E-17   1.56972E-16   2.70870E-16   4.35816E-16   6.79773E-16   1.05553E-15   1.64766E-15   2.58032E-15   4.03365E-15   6.27504E-15   9.70979E-15   1.49576E-14   2.29683E-14   3.51998E-14   5.39022E-14   8.25809E-14   1.26785E-13   1.95502E-13   3.03769E-13   4.77780E-13   7.65378E-13   1.25839E-12   2.14144E-12   3.80041E-12   7.06117E-12   1.36794E-11   2.71629E-11   5.36155E-11   1.01488E-10   1.78798E-10
            4.34763E-17   9.80325E-17   1.89373E-16   3.26786E-16   5.25795E-16   8.20156E-16   1.27359E-15   1.98818E-15   3.11379E-15   4.86785E-15   7.57300E-15   1.17180E-14   1.80497E-14   2.77108E-14   4.24520E-14   6.49652E-14   9.94233E-14   1.52380E-13   2.34341E-13   3.62626E-13   5.66885E-13   9.00200E-13   1.46239E-12   2.45042E-12   4.26945E-12   7.77611E-12   1.47758E-11   2.88549E-11   5.62301E-11   1.05482E-10   1.84720E-10

dadp        2.70377E-05   3.10168E-05   3.08466E-05   2.84170E-05   2.60147E-05   2.47357E-05   2.43835E-05   2.42952E-05   2.40287E-05   2.34956E-05   2.27888E-05   2.20211E-05   2.12689E-05   2.05789E-05   1.99890E-05   1.95455E-05   1.93158E-05   1.94000E-05   1.99463E-05   2.11738E-05   2.34043E-05   2.71097E-05   3.29793E-05   4.20141E-05   5.56294E-05   7.55887E-05   1.03127E-04   1.36498E-04   1.68199E-04   1.86089E-04   1.80382E-04
            2.92662E-05   3.35734E-05   3.33898E-05   3.07611E-05   2.81625E-05   2.67802E-05   2.64011E-05   2.63074E-05   2.60201E-05   2.54431E-05   2.46764E-05   2.38415E-05   2.30201E-05   2.22612E-05   2.16035E-05   2.10940E-05   2.08006E-05   2.08243E-05   2.13149E-05   2.24932E-05   2.46838E-05   2.83628E-05   3.42254E-05   4.32808E-05   5.69559E-05   7.70285E-05   1.04742E-04   1.38330E-04   1.70220E-04   1.88164E-04   1.82293E-04
            3.17315E-05   3.64018E-05   3.62034E-05   3.33545E-05   3.05388E-05   2.90423E-05   2.86338E-05   2.85343E-05   2.82241E-05   2.75987E-05   2.67659E-05   2.58567E-05   2.49587E-05   2.41234E-05   2.33907E-05   2.28079E-05   2.24436E-05   2.23997E-05   2.28275E-05   2.39497E-05   2.60939E-05   2.97401E-05   3.55894E-05   4.46595E-05   5.83891E-05   7.85699E-05   1.06453E-04   1.40254E-04   1.72326E-04   1.90313E-04   1.84265E-04
            3.45212E-05   3.96025E-05   3.93873E-05   3.62892E-05   3.32280E-05   3.16025E-05   3.11607E-05   3.10548E-05   3.07188E-05   3.00387E-05   2.91312E-05   2.81380E-05   2.71533E-05   2.62315E-05   2.54136E-05   2.47475E-05   2.43024E-05   2.41812E-05   2.45365E-05   2.55932E-05   2.76818E-05   3.12863E-05   3.71138E-05   4.61906E-05   5.99669E-05   8.02488E-05   1.08296E-04   1.42301E-04   1.74546E-04   1.92562E-04   1.86318E-04
            3.77579E-05   4.33159E-05   4.30813E-05   3.96942E-05   3.63481E-05   3.45731E-05   3.40928E-05   3.39794E-05   3.36137E-05   3.28701E-05   3.18759E-05   3.07852E-05   2.96998E-05   2.86775E-05   2.77605E-05   2.69973E-05   2.64577E-05   2.62458E-05   2.65154E-05   2.74936E-05   2.95139E-05   3.30644E-05   3.88584E-05   4.79304E-05   6.17428E-05   8.21158E-05   1.10316E-04   1.44516E-04   1.76921E-04   1.94945E-04   1.88479E-04
            4.16166E-05   4.77430E-05   4.74853E-05   4.37535E-05   4.00680E-05   3.81146E-05   3.75885E-05   3.74663E-05   3.70650E-05   3.62458E-05   3.51482E-05   3.39412E-05   3.27357E-05   3.15934E-05   3.05578E-05   2.96782E-05   2.90252E-05   2.87036E-05   2.88691E-05   2.97508E-05   3.16850E-05   3.51644E-05   4.09082E-05   4.99597E-05   6.37932E-05   8.42429E-05   1.12583E-04   1.46962E-04   1.79506E-04   1.97513E-04   1.90788E-04
            4.63533E-05   5.31773E-05   5.28912E-05   4.87365E-05   4.46342E-05   4.24618E-05   4.18794E-05   4.17465E-05   4.13015E-05   4.03895E-05   3.91648E-05   3.78149E-05   3.64617E-05   3.51717E-05   3.39902E-05   3.29671E-05   3.21737E-05   3.17160E-05   3.17513E-05   3.25108E-05   3.43340E-05   3.77181E-05   4.33884E-05   5.23968E-05   6.62298E-05   8.67358E-05   1.15196E-04   1.49733E-04   1.82388E-04   2.00338E-04   1.93303E-04
            5.23497E-05   6.00569E-05   5.97349E-05   5.50447E-05   5.04147E-05   4.79652E-05   4.73115E-05   4.71648E-05   4.66645E-05   4.56347E-05   4.42492E-05   4.27181E-05   4.11777E-05   3.97004E-05   3.83336E-05   3.71280E-05   3.61557E-05   3.55238E-05   3.53913E-05   3.59919E-05   3.76684E-05   4.09222E-05   4.64852E-05   5.54181E-05   6.92196E-05   8.97524E-05   1.18303E-04   1.52965E-04   1.85692E-04   2.03529E-04   1.96111E-04
            6.01842E-05   6.90454E-05   6.86764E-05   6.32865E-05   5.79671E-05   5.51554E-05   5.44084E-05   5.42436E-05   5.36710E-05   5.24873E-05   5.08914E-05   4.91235E-05   4.73381E-05   4.56157E-05   4.40062E-05   4.25612E-05   4.13536E-05   4.04920E-05   4.01371E-05   4.05251E-05   4.20024E-05   4.50751E-05   5.04815E-05   5.92915E-05   7.30161E-05   9.35319E-05   1.22130E-04   1.56871E-04   1.89609E-04   2.07250E-04   1.99344E-04
            7.07393E-05   8.11550E-05   8.07227E-05   7.43903E-05   6.81420E-05   6.48423E-05   6.39697E-05   6.37806E-05   6.31104E-05   6.17193E-05   5.98399E-05   5.77528E-05   5.56371E-05   5.35840E-05   5.16467E-05   4.98780E-05   4.83519E-05   4.71783E-05   4.65200E-05   4.66162E-05   4.78167E-05   5.06328E-05   5.58095E-05   6.44262E-05   7.80062E-05   9.84402E-05   1.27022E-04   1.61771E-04   1.94431E-04   2.11755E-04   2.03201E-04
            8.53399E-05   9.79062E-05   9.73864E-05   8.97501E-05   8.22171E-05   7.82426E-05   7.71963E-05   7.69738E-05   7.61687E-05   7.44909E-05   7.22192E-05   6.96904E-05   6.71177E-05   6.46066E-05   6.22152E-05   5.99978E-05   5.80292E-05   5.64213E-05   5.53392E-05   5.50253E-05   5.58337E-05   5.82809E-05   6.31190E-05   7.14373E-05   8.47718E-05   1.05027E-04   1.33496E-04   1.68148E-04   2.00597E-04   2.17421E-04   2.07985E-04

zvh         5.49703E-14   1.37293E-13   3.22938E-13   7.63411E-13   1.85337E-12   4.53540E-12   1.09261E-11   2.57097E-11   5.93450E-11   1.35352E-10   3.06634E-10   6.91886E-10   1.55669E-09   3.49385E-09   7.82329E-09   1.74769E-08   3.89501E-08   8.65925E-08   1.92003E-07   4.24505E-07   9.35490E-07   2.05366E-06   4.48736E-06   9.74766E-06   2.10129E-05   4.48225E-05   9.40959E-05   1.92418E-04   3.77176E-04   6.95326E-04   1.18542E-03
            5.54108E-14   1.38396E-13   3.25545E-13   7.69631E-13   1.86865E-12   4.57329E-12   1.10187E-11   2.59307E-11   5.98631E-11   1.36552E-10   3.09397E-10   6.98217E-10   1.57115E-09   3.52676E-09   7.89801E-09   1.76460E-08   3.93316E-08   8.74506E-08   1.93927E-07   4.28804E-07   9.45057E-07   2.07487E-06   4.53410E-06   9.85007E-06   2.12354E-05   4.53008E-05   9.51069E-05   1.94499E-04   3.81277E-04   7.02919E-04   1.19841E-03
            5.58527E-14   1.39502E-13   3.28162E-13   7.75873E-13   1.88399E-12   4.61133E-12   1.11116E-11   2.61526E-11   6.03834E-11   1.37758E-10   3.12173E-10   7.04580E-10   1.58569E-09   3.55986E-09   7.97313E-09   1.78160E-08   3.97153E-08   8.83137E-08   1.95862E-07   4.33129E-07   9.54685E-07   2.09620E-06   4.58115E-06   9.95315E-06   2.14595E-05   4.57823E-05   9.61249E-05   1.96594E-04   3.85406E-04   7.10566E-04   1.21150E-03
            5.62961E-14   1.40612E-13   3.30787E-13   7.82136E-13   1.89938E-12   4.64951E-12   1.12049E-11   2.63754E-11   6.09059E-11   1.38970E-10   3.14962E-10   7.10973E-10   1.60029E-09   3.59312E-09   8.04866E-09   1.79870E-08   4.01012E-08   8.91819E-08   1.97809E-07   4.37480E-07   9.64373E-07   2.11768E-06   4.62851E-06   1.00569E-05   2.16850E-05   4.62671E-05   9.71500E-05   1.98704E-04   3.89565E-04   7.18268E-04   1.22467E-03
            5.67408E-14   1.41726E-13   3.33421E-13   7.88421E-13   1.91483E-12   4.68783E-12   1.12986E-11   2.65991E-11   6.14306E-11   1.40186E-10   3.17764E-10   7.17397E-10   1.61497E-09   3.62655E-09   8.12458E-09   1.81589E-08   4.04893E-08   9.00551E-08   1.99768E-07   4.41858E-07   9.74121E-07   2.13929E-06   4.67616E-06   1.01613E-05   2.19120E-05   4.67551E-05   9.81821E-05   2.00828E-04   3.93753E-04   7.26024E-04   1.23795E-03
            5.71871E-14   1.42844E-13   3.36064E-13   7.94728E-13   1.93033E-12   4.72629E-12   1.13926E-11   2.68238E-11   6.19576E-11   1.41408E-10   3.20578E-10   7.23852E-10   1.62972E-09   3.66016E-09   8.20091E-09   1.83318E-08   4.08795E-08   9.09334E-08   2.01738E-07   4.46262E-07   9.83929E-07   2.16103E-06   4.72413E-06   1.02665E-05   2.21405E-05   4.72465E-05   9.92213E-05   2.02968E-04   3.97971E-04   7.33836E-04   1.25131E-03
            5.76347E-14   1.43964E-13   3.38715E-13   8.01056E-13   1.94589E-12   4.76490E-12   1.14869E-11   2.70493E-11   6.24868E-11   1.42636E-10   3.23406E-10   7.30338E-10   1.64454E-09   3.69394E-09   8.27765E-09   1.85056E-08   4.12719E-08   9.18167E-08   2.03720E-07   4.50693E-07   9.93797E-07   2.18292E-06   4.77240E-06   1.03723E-05   2.23706E-05   4.77411E-05   1.00268E-04   2.05122E-04   4.02218E-04   7.41702E-04   1.26477E-03
            5.80838E-14   1.45089E-13   3.41375E-13   8.07405E-13   1.96150E-12   4.80365E-12   1.15817E-11   2.72758E-11   6.30182E-11   1.43869E-10   3.26247E-10   7.36854E-10   1.65944E-09   3.72789E-09   8.35478E-09   1.86803E-08   4.16665E-08   9.27050E-08   2.05713E-07   4.55151E-07   1.00373E-06   2.20494E-06   4.82098E-06   1.04788E-05   2.26021E-05   4.82391E-05   1.01321E-04   2.07291E-04   4.06494E-04   7.49624E-04   1.27833E-03
            5.85343E-14   1.46217E-13   3.44043E-13   8.13776E-13   1.97717E-12   4.84254E-12   1.16768E-11   2.75031E-11   6.35519E-11   1.45107E-10   3.29100E-10   7.43401E-10   1.67441E-09   3.76201E-09   8.43233E-09   1.88560E-08   4.20633E-08   9.35985E-08   2.07718E-07   4.59635E-07   1.01372E-06   2.22709E-06   4.86987E-06   1.05860E-05   2.28352E-05   4.87404E-05   1.02381E-04   2.09474E-04   4.10800E-04   7.57600E-04   1.29198E-03
            5.89862E-14   1.47349E-13   3.46721E-13   8.20168E-13   1.99289E-12   4.88157E-12   1.17723E-11   2.77314E-11   6.40877E-11   1.46350E-10   3.31966E-10   7.49979E-10   1.68946E-09   3.79630E-09   8.51027E-09   1.90326E-08   4.24623E-08   9.44969E-08   2.09735E-07   4.64145E-07   1.02377E-06   2.24939E-06   4.91907E-06   1.06938E-05   2.30698E-05   4.92450E-05   1.03449E-04   2.11673E-04   4.15136E-04   7.65633E-04   1.30573E-03
            5.94389E-14   1.48482E-13   3.49403E-13   8.26573E-13   2.00865E-12   4.92070E-12   1.18680E-11   2.79603E-11   6.46251E-11   1.47597E-10   3.34842E-10   7.56580E-10   1.70455E-09   3.83073E-09   8.58852E-09   1.92099E-08   4.28630E-08   9.53994E-08   2.11761E-07   4.68677E-07   1.03386E-06   2.27179E-06   4.96851E-06   1.08023E-05   2.33056E-05   4.97524E-05   1.04522E-04   2.13884E-04   4.19496E-04   7.73711E-04   1.31955E-03

dzvh        1.15987E-01   1.64089E-01   2.37256E-01   3.64093E-01   5.71301E-01   8.76382E-01   1.29854E+00   1.87780E+00   2.68473E+00   3.82207E+00   5.42988E+00   7.69953E+00   1.08955E+01   1.53841E+01   2.16725E+01   3.04592E+01   4.27026E+01   5.97097E+01   8.32489E+01   1.15687E+02   1.60143E+02   2.20636E+02   3.02169E+02   4.10619E+02   5.52116E+02   7.30779E+02   9.42027E+02   1.15988E+03   1.32803E+03   1.37584E+03   1.26183E+03
            1.16918E-01   1.65412E-01   2.39188E-01   3.67096E-01   5.76078E-01   8.83815E-01   1.30972E+00   1.89422E+00   2.70861E+00   3.85663E+00   5.47974E+00   7.77131E+00   1.09985E+01   1.55316E+01   2.18829E+01   3.07585E+01   4.31272E+01   6.03099E+01   8.40944E+01   1.16873E+02   1.61801E+02   2.22941E+02   3.05352E+02   4.14978E+02   5.58022E+02   7.38652E+02   9.52241E+02   1.17253E+03   1.34258E+03   1.39097E+03   1.27574E+03
            1.17852E-01   1.66740E-01   2.41126E-01   3.70110E-01   5.80874E-01   8.91277E-01   1.32095E+00   1.91073E+00   2.73260E+00   3.89135E+00   5.52986E+00   7.84346E+00   1.11021E+01   1.56798E+01   2.20945E+01   3.10596E+01   4.35542E+01   6.09137E+01   8.49451E+01   1.18067E+02   1.63470E+02   2.25261E+02   3.08555E+02   4.19367E+02   5.63968E+02   7.46579E+02   9.62528E+02   1.18526E+03   1.35723E+03   1.40621E+03   1.28975E+03
            1.18789E-01   1.68072E-01   2.43071E-01   3.73134E-01   5.85688E-01   8.98769E-01   1.33222E+00   1.92730E+00   2.75670E+00   3.92623E+00   5.58022E+00   7.91597E+00   1.12062E+01   1.58289E+01   2.23072E+01   3.13623E+01   4.39837E+01   6.15211E+01   8.58010E+01   1.19269E+02   1.65149E+02   2.27595E+02   3.11781E+02   4.23786E+02   5.69956E+02   7.54562E+02   9.72887E+02   1.19809E+03   1.37199E+03   1.42155E+03   1.30387E+03
            1.19729E-01   1.69409E-01   2.45023E-01   3.76170E-01   5.90520E-01   9.06291E-01   1.34354E+00   1.94394E+00   2.78090E+00   3.96128E+00   5.63082E+00   7.98884E+00   1.13108E+01   1.59787E+01   2.25211E+01   3.16668E+01   4.44158E+01   6.21321E+01   8.66622E+01   1.20478E+02   1.66839E+02   2.29945E+02   3.15027E+02   4.28234E+02   5.75984E+02   7.62599E+02   9.83318E+02   1.21101E+03   1.38685E+03   1.43701E+03   1.31809E+03
            1.20672E-01   1.70750E-01   2.46982E-01   3.79217E-01   5.95370E-01   9.13842E-01   1.35491E+00   1.96065E+00   2.80522E+00   3.99648E+00   5.68167E+00   8.06208E+00   1.14160E+01   1.61294E+01   2.27362E+01   3.19730E+01   4.48503E+01   6.27468E+01   8.75286E+01   1.21695E+02   1.68540E+02   2.32310E+02   3.18295E+02   4.32712E+02   5.82053E+02   7.70693E+02   9.93822E+02   1.22402E+03   1.40182E+03   1.45258E+03   1.33241E+03
            1.21618E-01   1.72096E-01   2.48947E-01   3.82274E-01   6.00238E-01   9.21422E-01   1.36632E+00   1.97744E+00   2.82964E+00   4.03186E+00   5.73276E+00   8.13568E+00   1.15217E+01   1.62808E+01   2.29525E+01   3.22810E+01   4.52874E+01   6.33651E+01   8.84003E+01   1.22919E+02   1.70251E+02   2.34691E+02   3.21584E+02   4.37220E+02   5.88163E+02   7.78841E+02   1.00440E+03   1.23712E+03   1.41690E+03   1.46826E+03   1.34683E+03
            1.22567E-01   1.73446E-01   2.50919E-01   3.85342E-01   6.05124E-01   9.29031E-01   1.37777E+00   1.99429E+00   2.85417E+00   4.06739E+00   5.78410E+00   8.20965E+00   1.16280E+01   1.64331E+01   2.31700E+01   3.25906E+01   4.57270E+01   6.39871E+01   8.92773E+01   1.24150E+02   1.71973E+02   2.37086E+02   3.24895E+02   4.41757E+02   5.94314E+02   7.87045E+02   1.01505E+03   1.25032E+03   1.43208E+03   1.48405E+03   1.36136E+03
            1.23519E-01   1.74800E-01   2.52897E-01   3.88421E-01   6.10028E-01   9.36669E-01   1.38928E+00   2.01122E+00   2.87880E+00   4.10309E+00   5.83568E+00   8.28399E+00   1.17349E+01   1.65861E+01   2.33887E+01   3.29021E+01   4.61691E+01   6.46127E+01   9.01595E+01   1.25390E+02   1.73706E+02   2.39497E+02   3.28227E+02   4.46325E+02   6.00506E+02   7.95305E+02   1.02577E+03   1.26360E+03   1.44737E+03   1.49995E+03   1.37599E+03
            1.24474E-01   1.76158E-01   2.54883E-01   3.91511E-01   6.14950E-01   9.44337E-01   1.40083E+00   2.02822E+00   2.90355E+00   4.13895E+00   5.88751E+00   8.35869E+00   1.18422E+01   1.67400E+01   2.36085E+01   3.32152E+01   4.66137E+01   6.52420E+01   9.10469E+01   1.26636E+02   1.75450E+02   2.41923E+02   3.31580E+02   4.50922E+02   6.06740E+02   8.03621E+02   1.03657E+03   1.27698E+03   1.46276E+03   1.51597E+03   1.39072E+03
            1.25431E-01   1.77520E-01   2.56872E-01   3.94607E-01   6.19884E-01   9.52024E-01   1.41241E+00   2.04526E+00   2.92836E+00   4.17492E+00   5.93951E+00   8.43366E+00   1.19500E+01   1.68945E+01   2.38292E+01   3.35297E+01   4.70603E+01   6.58741E+01   9.19386E+01   1.27889E+02   1.77202E+02   2.44361E+02   3.34951E+02   4.55544E+02   6.13007E+02   8.11982E+02   1.04743E+03   1.29043E+03   1.47825E+03   1.53207E+03   1.40554E+03

